0.000000;
0.000000;
0.000000;
0.000000;
0.000000;
0.000000;
0.000000;
0.000000;
0.000000;
0.000000;
0.000000;
0.000000;
0.000000;
0.000000;
0.000000;
0.000000;
0.000000;
0.000000;
0.000000;
0.000000;
0.000000;
0.000000;
0.000000;
0.000000;
0.000000;
0.000000;
0.000000;
0.092279;
0.09576;
0.099141;
0.10242;
0.10561;
0.1087;
0.11169;
0.1146;
0.11741;
0.12014;
0.12278;
0.12534;
0.12781;
0.13021;
0.13253;
0.13477;
0.13694;
0.13903;
0.14105;
0.14301;
0.1449;
0.14672;
0.14848;
0.15018;
0.15182;
0.1534;
0.15492;
0.1564;
0.15782;
0.15919;
0.16051;
0.16179;
0.16302;
0.16421;
0.16536;
0.16648;
0.16485;
0.16588;
0.16681;
0.16765;
0.1684;
0.16907;
0.16965;
0.17016;
0.17058;
0.17093;
0.17121;
0.17142;
0.17157;
0.17165;
0.17166;
0.17163;
0.17153;
0.17138;
0.17119;
0.17095;
0.17066;
0.17033;
0.16996;
0.16956;
0.16913;
0.16866;
0.16817;
0.16765;
0.16711;
0.16656;
0.16598;
0.1654;
0.1648;
0.1642;
0.16359;
0.16297;
0.16236;
0.16176;
0.16115;
0.16056;
0.15998;
0.15942;
0.15887;
0.15834;
0.15784;
0.15736;
0.15691;
0.15649;
0.1561;
0.15575;
0.15545;
0.15518;
0.15496;
0.15479;
0.15467;
0.1546;
0.15459;
0.15464;
0.15475;
0.15493;
0.15518;
0.15549;
0.15588;
0.15634;
0.1564;
0.15645;
0.1565;
0.15654;
0.15659;
0.15664;
0.15669;
0.15673;
0.15678;
0.15682;
0.15687;
0.15691;
0.15695;
0.157;
0.15704;
0.15709;
0.15714;
0.15718;
0.15723;
0.15728;
0.15733;
0.15738;
0.15743;
0.15749;
0.15754;
0.1576;
0.15766;
0.15772;
0.15778;
0.15785;
0.15791;
0.15798;
0.15806;
0.15813;
0.15821;
0.15829;
0.15838;
0.15846;
0.15856;
0.15865;
0.15875;
0.15885;
0.15896;
0.15907;
0.15919;
0.1593;
0.15943;
0.15956;
0.15969;
0.15983;
0.15997;
0.16012;
0.16027;
0.16043;
0.1606;
0.16077;
0.16094;
0.16112;
0.16131;
0.16151;
0.16171;
0.16191;
0.16213;
0.16235;
0.16246;
0.1626;
0.16276;
0.16295;
0.16317;
0.1634;
0.16367;
0.16395;
0.16425;
0.16458;
0.16492;
0.16528;
0.16566;
0.16606;
0.16647;
0.1669;
0.16735;
0.1678;
0.16827;
0.16875;
0.16924;
0.16975;
0.17026;
0.17078;
0.17131;
0.17184;
0.17238;
0.17293;
0.17348;
0.17404;
0.17459;
0.17515;
0.17571;
0.17628;
0.17684;
0.17739;
0.17795;
0.1785;
0.17905;
0.1796;
0.18014;
0.18067;
0.1812;
0.18172;
0.18222;
0.18272;
0.18321;
0.18369;
0.18416;
0.18461;
0.18505;
0.18547;
0.18588;
0.18627;
0.18664;
0.187;
0.18734;
0.18765;
0.18795;
0.18823;
0.18848;
0.18871;
0.18892;
0.1891;
0.18959;
0.19003;
0.19042;
0.19076;
0.19105;
0.19129;
0.1915;
0.19165;
0.19177;
0.19184;
0.19188;
0.19187;
0.19184;
0.19176;
0.19165;
0.19151;
0.19134;
0.19113;
0.1909;
0.19065;
0.19036;
0.19005;
0.18972;
0.18937;
0.189;
0.1886;
0.18819;
0.18777;
0.18733;
0.18687;
0.18641;
0.18593;
0.18544;
0.18495;
0.18445;
0.18394;
0.18343;
0.18292;
0.1824;
0.18189;
0.18137;
0.18086;
0.18036;
0.17986;
0.17937;
0.17888;
0.17841;
0.17794;
0.17749;
0.17706;
0.17663;
0.17623;
0.17584;
0.17547;
0.17512;
0.1748;
0.17449;
0.17422;
0.17396;
0.17374;
0.17354;
0.17338;
0.17325;
0.17314;
0.17289;
0.17269;
0.17254;
0.17243;
0.17236;
0.17234;
0.17237;
0.17243;
0.17253;
0.17267;
0.17284;
0.17305;
0.1733;
0.17357;
0.17388;
0.17421;
0.17457;
0.17496;
0.17538;
0.17581;
0.17627;
0.17675;
0.17725;
0.17776;
0.17829;
0.17884;
0.1794;
0.17997;
0.18055;
0.18114;
0.18174;
0.18234;
0.18295;
0.18356;
0.18418;
0.18479;
0.1854;
0.18601;
0.18662;
0.18722;
0.18781;
0.1884;
0.18897;
0.18954;
0.19009;
0.19063;
0.19115;
0.19165;
0.19214;
0.19261;
0.19305;
0.19348;
0.19388;
0.19425;
0.1946;
0.19491;
0.1952;
0.19546;
0.19568;
0.19587;
0.19603;
0.19615;
0.19623;
0.19627;
0.19671;
0.1971;
0.19743;
0.19771;
0.19795;
0.19813;
0.19827;
0.19836;
0.19841;
0.19841;
0.19837;
0.19829;
0.19818;
0.19802;
0.19783;
0.19761;
0.19735;
0.19707;
0.19675;
0.1964;
0.19603;
0.19563;
0.19521;
0.19477;
0.1943;
0.19381;
0.19331;
0.19279;
0.19225;
0.19171;
0.19114;
0.19057;
0.18999;
0.1894;
0.1888;
0.1882;
0.1876;
0.18699;
0.18638;
0.18577;
0.18517;
0.18457;
0.18397;
0.18338;
0.1828;
0.18223;
0.18167;
0.18112;
0.18058;
0.18007;
0.17956;
0.17908;
0.17861;
0.17817;
0.17775;
0.17736;
0.17699;
0.17664;
0.17633;
0.17604;
0.17579;
0.17557;
0.17538;
0.17523;
0.17504;
0.17488;
0.17476;
0.17467;
0.17462;
0.17459;
0.17459;
0.17463;
0.17469;
0.17477;
0.17488;
0.17502;
0.17517;
0.17535;
0.17554;
0.17576;
0.17599;
0.17624;
0.1765;
0.17678;
0.17707;
0.17736;
0.17767;
0.17799;
0.17831;
0.17864;
0.17898;
0.17932;
0.17966;
0.18;
0.18034;
0.18068;
0.18101;
0.18135;
0.18167;
0.182;
0.18231;
0.18261;
0.1829;
0.18319;
0.18346;
0.18371;
0.18395;
0.18417;
0.18438;
0.18456;
0.18473;
0.18487;
0.185;
0.18509;
0.18517;
0.18521;
0.18523;
0.18522;
0.18518;
0.1851;
0.185;
0.18486;
0.18468;
0.18447;
0.18422;
0.18393;
0.18361;
0.18323;
0.18317;
0.18307;
0.18295;
0.1828;
0.18262;
0.18242;
0.1822;
0.18195;
0.18169;
0.1814;
0.1811;
0.18078;
0.18044;
0.1801;
0.17973;
0.17936;
0.17897;
0.17858;
0.17817;
0.17776;
0.17735;
0.17693;
0.1765;
0.17607;
0.17565;
0.17522;
0.17479;
0.17437;
0.17395;
0.17353;
0.17312;
0.17272;
0.17232;
0.17194;
0.17157;
0.17121;
0.17086;
0.17053;
0.17021;
0.16991;
0.16963;
0.16936;
0.16912;
0.1689;
0.1687;
0.16853;
0.16838;
0.16826;
0.16817;
0.1681;
0.16807;
0.16806;
0.16809;
0.16816;
0.16826;
0.16839;
0.16856;
0.16878;
0.16903;
0.16932;
0.16965;
0.17003;
0.17046;
0.17092;
0.17118;
0.17147;
0.1718;
0.17216;
0.17256;
0.17298;
0.17344;
0.17392;
0.17443;
0.17497;
0.17553;
0.17612;
0.17673;
0.17736;
0.17801;
0.17869;
0.17937;
0.18008;
0.1808;
0.18153;
0.18228;
0.18304;
0.18381;
0.18458;
0.18537;
0.18616;
0.18696;
0.18776;
0.18857;
0.18937;
0.19018;
0.19099;
0.19179;
0.19259;
0.19339;
0.19418;
0.19496;
0.19574;
0.19651;
0.19726;
0.19801;
0.19874;
0.19945;
0.20016;
0.20084;
0.20151;
0.20215;
0.20278;
0.20339;
0.20397;
0.20453;
0.20506;
0.20557;
0.20604;
0.20649;
0.20691;
0.2073;
0.20765;
0.20798;
0.20826;
0.20851;
0.20872;
0.20889;
0.20903;
0.20924;
0.20945;
0.20966;
0.20986;
0.21007;
0.21027;
0.21046;
0.21066;
0.21085;
0.21104;
0.21122;
0.2114;
0.21158;
0.21175;
0.21192;
0.21209;
0.21225;
0.21241;
0.21257;
0.21272;
0.21287;
0.21302;
0.21316;
0.21329;
0.21342;
0.21355;
0.21367;
0.21379;
0.21391;
0.21402;
0.21412;
0.21423;
0.21432;
0.21441;
0.2145;
0.21458;
0.21466;
0.21473;
0.2148;
0.21486;
0.21492;
0.21497;
0.21502;
0.21506;
0.21509;
0.21512;
0.21515;
0.21516;
0.21518;
0.21519;
0.21519;
0.21518;
0.21517;
0.21515;
0.21513;
0.2151;
0.21507;
0.21503;
0.21498;
0.21493;
0.21487;
0.2148;
0.21472;
0.21464;
0.21476;
0.21481;
0.21481;
0.21475;
0.21464;
0.21447;
0.21426;
0.214;
0.21369;
0.21334;
0.21294;
0.21251;
0.21203;
0.21151;
0.21096;
0.21037;
0.20975;
0.2091;
0.20842;
0.20771;
0.20698;
0.20621;
0.20543;
0.20462;
0.2038;
0.20296;
0.2021;
0.20122;
0.20034;
0.19944;
0.19853;
0.19761;
0.19669;
0.19576;
0.19483;
0.1939;
0.19297;
0.19204;
0.19112;
0.1902;
0.18929;
0.18838;
0.18749;
0.18661;
0.18574;
0.18489;
0.18406;
0.18324;
0.18245;
0.18167;
0.18093;
0.1802;
0.17951;
0.17884;
0.17821;
0.1776;
0.17703;
0.1765;
0.176;
0.17555;
0.17513;
0.17476;
0.17443;
0.17414;
0.17353;
0.173;
0.17253;
0.17213;
0.1718;
0.17152;
0.17131;
0.17116;
0.17106;
0.17102;
0.17103;
0.17109;
0.1712;
0.17135;
0.17155;
0.17179;
0.17207;
0.17239;
0.17274;
0.17313;
0.17355;
0.17399;
0.17447;
0.17496;
0.17549;
0.17603;
0.17659;
0.17717;
0.17776;
0.17837;
0.17898;
0.1796;
0.18023;
0.18087;
0.1815;
0.18214;
0.18277;
0.1834;
0.18402;
0.18464;
0.18524;
0.18583;
0.18641;
0.18697;
0.18751;
0.18803;
0.18852;
0.18899;
0.18944;
0.18985;
0.19023;
0.19058;
0.19089;
0.19117;
0.1914;
0.1916;
0.19175;
0.19185;
0.1919;
0.19191;
0.19186;
0.19176;
0.1916;
0.19138;
0.19119;
0.19098;
0.19076;
0.19052;
0.19027;
0.19001;
0.18973;
0.18944;
0.18913;
0.18882;
0.1885;
0.18817;
0.18783;
0.18748;
0.18713;
0.18677;
0.18641;
0.18604;
0.18567;
0.1853;
0.18493;
0.18455;
0.18418;
0.18381;
0.18344;
0.18307;
0.1827;
0.18234;
0.18199;
0.18164;
0.1813;
0.18096;
0.18064;
0.18032;
0.18001;
0.17972;
0.17944;
0.17917;
0.17891;
0.17866;
0.17844;
0.17822;
0.17803;
0.17785;
0.17769;
0.17755;
0.17743;
0.17733;
0.17726;
0.1772;
0.17717;
0.17716;
0.17718;
0.17723;
0.1773;
0.17739;
0.17752;
0.17768;
0.17786;
0.17808;
0.17833;
0.17861;
0.17892;
0.17927;
0.17939;
0.17949;
0.17959;
0.17967;
0.17975;
0.17981;
0.17987;
0.17991;
0.17995;
0.17997;
0.17999;
0.17999;
0.17999;
0.17998;
0.17996;
0.17993;
0.17989;
0.17984;
0.17979;
0.17972;
0.17965;
0.17957;
0.17949;
0.17939;
0.17929;
0.17918;
0.17907;
0.17895;
0.17882;
0.17868;
0.17854;
0.1784;
0.17824;
0.17809;
0.17792;
0.17775;
0.17758;
0.1774;
0.17721;
0.17702;
0.17683;
0.17663;
0.17643;
0.17622;
0.17601;
0.17579;
0.17558;
0.17535;
0.17513;
0.1749;
0.17467;
0.17444;
0.1742;
0.17396;
0.17372;
0.17348;
0.17323;
0.17298;
0.17274;
0.17249;
0.17223;
0.17198;
0.17173;
0.17148;
0.17122;
0.17096;
0.1707;
0.17044;
0.17019;
0.16994;
0.16968;
0.16944;
0.16919;
0.16894;
0.1687;
0.16846;
0.16823;
0.16799;
0.16776;
0.16753;
0.16731;
0.16709;
0.16687;
0.16666;
0.16645;
0.16624;
0.16604;
0.16585;
0.16565;
0.16547;
0.16528;
0.1651;
0.16493;
0.16476;
0.1646;
0.16445;
0.16429;
0.16415;
0.16401;
0.16388;
0.16375;
0.16363;
0.16352;
0.16341;
0.16331;
0.16322;
0.16313;
0.16305;
0.16298;
0.16292;
0.16286;
0.16281;
0.16277;
0.16274;
0.16272;
0.1627;
0.1627;
0.1627;
0.16271;
0.16273;
0.16276;
0.1628;
0.16285;
0.16291;
0.16298;
0.16305;
0.16314;
0.16324;
0.16331;
0.16338;
0.16345;
0.16352;
0.16359;
0.16366;
0.16373;
0.16381;
0.16389;
0.16396;
0.16404;
0.16412;
0.16421;
0.16429;
0.16438;
0.16447;
0.16456;
0.16465;
0.16474;
0.16484;
0.16494;
0.16504;
0.16514;
0.16525;
0.16536;
0.16547;
0.16558;
0.1657;
0.16582;
0.16594;
0.16606;
0.16619;
0.16632;
0.16645;
0.16659;
0.16673;
0.16688;
0.16702;
0.16717;
0.16733;
0.16748;
0.16765;
0.16781;
0.16798;
0.16815;
0.16833;
0.16851;
0.1687;
0.16888;
0.16908;
0.16928;
0.16948;
0.16968;
0.16989;
0.17011;
0.17033;
0.17056;
0.17078;
0.17102;
0.17126;
0.1715;
0.17175;
0.17201;
0.17227;
0.17246;
0.17267;
0.17291;
0.17316;
0.17343;
0.17372;
0.17402;
0.17435;
0.17469;
0.17504;
0.17541;
0.1758;
0.17619;
0.1766;
0.17702;
0.17746;
0.1779;
0.17835;
0.17882;
0.17929;
0.17977;
0.18026;
0.18075;
0.18125;
0.18175;
0.18226;
0.18277;
0.18329;
0.18381;
0.18433;
0.18485;
0.18537;
0.1859;
0.18642;
0.18694;
0.18745;
0.18797;
0.18848;
0.18899;
0.18949;
0.18998;
0.19047;
0.19096;
0.19143;
0.1919;
0.19236;
0.19281;
0.19324;
0.19367;
0.19409;
0.19449;
0.19488;
0.19526;
0.19562;
0.19597;
0.1963;
0.19661;
0.19691;
0.19719;
0.19745;
0.19769;
0.19792;
0.19812;
0.1983;
0.19861;
0.1989;
0.19916;
0.19941;
0.19964;
0.19985;
0.20005;
0.20022;
0.20038;
0.20052;
0.20064;
0.20074;
0.20083;
0.20091;
0.20096;
0.20101;
0.20103;
0.20105;
0.20105;
0.20103;
0.201;
0.20096;
0.20091;
0.20084;
0.20076;
0.20068;
0.20057;
0.20046;
0.20034;
0.20021;
0.20007;
0.19992;
0.19976;
0.19959;
0.19942;
0.19923;
0.19904;
0.19884;
0.19864;
0.19843;
0.19821;
0.19799;
0.19776;
0.19752;
0.19729;
0.19705;
0.1968;
0.19655;
0.1963;
0.19605;
0.19579;
0.19553;
0.19527;
0.19501;
0.19475;
0.19449;
0.19422;
0.19396;
0.1937;
0.19344;
0.19318;
0.19293;
0.19267;
0.19242;
0.1922;
0.19198;
0.19174;
0.19151;
0.19126;
0.19101;
0.19076;
0.1905;
0.19023;
0.18997;
0.18969;
0.18942;
0.18914;
0.18886;
0.18857;
0.18829;
0.188;
0.18771;
0.18742;
0.18713;
0.18683;
0.18654;
0.18625;
0.18596;
0.18566;
0.18537;
0.18509;
0.1848;
0.18451;
0.18423;
0.18395;
0.18368;
0.1834;
0.18313;
0.18287;
0.18261;
0.18235;
0.1821;
0.18186;
0.18162;
0.18138;
0.18116;
0.18094;
0.18072;
0.18052;
0.18032;
0.18013;
0.17995;
0.17978;
0.17961;
0.17946;
0.17931;
0.17918;
0.17906;
0.17894;
0.17884;
0.17875;
0.17867;
0.1786;
0.17855;
0.17851;
0.17848;
0.17847;
0.17846;
0.17841;
0.17836;
0.17832;
0.1783;
0.17829;
0.17828;
0.17829;
0.17831;
0.17833;
0.17837;
0.17841;
0.17847;
0.17853;
0.1786;
0.17868;
0.17877;
0.17887;
0.17897;
0.17908;
0.1792;
0.17933;
0.17946;
0.1796;
0.17974;
0.17989;
0.18005;
0.18021;
0.18038;
0.18055;
0.18073;
0.18091;
0.1811;
0.18129;
0.18149;
0.18169;
0.18189;
0.18209;
0.1823;
0.18251;
0.18273;
0.18294;
0.18316;
0.18338;
0.1836;
0.18383;
0.18405;
0.18428;
0.18451;
0.18473;
0.18496;
0.18519;
0.18541;
0.18564;
0.18587;
0.18609;
0.18631;
0.18654;
0.18676;
0.18698;
0.1872;
0.18741;
0.18762;
0.18783;
0.18804;
0.18824;
0.18845;
0.18866;
0.18888;
0.18911;
0.18935;
0.18959;
0.18984;
0.19009;
0.19035;
0.19061;
0.19088;
0.19115;
0.19142;
0.1917;
0.19198;
0.19227;
0.19255;
0.19284;
0.19313;
0.19342;
0.19372;
0.19401;
0.1943;
0.1946;
0.19489;
0.19518;
0.19547;
0.19576;
0.19605;
0.19634;
0.19662;
0.1969;
0.19718;
0.19746;
0.19773;
0.19799;
0.19826;
0.19852;
0.19877;
0.19902;
0.19926;
0.19949;
0.19972;
0.19994;
0.20016;
0.20037;
0.20057;
0.20076;
0.20094;
0.20111;
0.20128;
0.20143;
0.20158;
0.20172;
0.20184;
0.20196;
0.20206;
0.20215;
0.20223;
0.2023;
0.20235;
0.20239;
0.20242;
0.20254;
0.20264;
0.20273;
0.2028;
0.20286;
0.2029;
0.20293;
0.20294;
0.20295;
0.20293;
0.20291;
0.20288;
0.20283;
0.20277;
0.2027;
0.20262;
0.20253;
0.20243;
0.20232;
0.2022;
0.20207;
0.20194;
0.2018;
0.20164;
0.20149;
0.20132;
0.20115;
0.20097;
0.20079;
0.2006;
0.2004;
0.20021;
0.2;
0.1998;
0.19959;
0.19937;
0.19916;
0.19894;
0.19872;
0.19849;
0.19827;
0.19805;
0.19782;
0.1976;
0.19737;
0.19715;
0.19692;
0.1967;
0.19648;
0.19626;
0.19605;
0.19584;
0.19563;
0.19542;
0.19522;
0.19502;
0.19483;
0.19464;
0.19446;
0.19428;
0.19411;
0.19395;
0.19379;
0.19364;
0.19342;
0.19321;
0.19301;
0.19282;
0.19265;
0.19248;
0.19233;
0.19219;
0.19205;
0.19193;
0.19182;
0.19171;
0.19161;
0.19152;
0.19144;
0.19137;
0.1913;
0.19124;
0.19118;
0.19113;
0.19108;
0.19104;
0.191;
0.19097;
0.19094;
0.19091;
0.19088;
0.19086;
0.19084;
0.19082;
0.1908;
0.19078;
0.19076;
0.19074;
0.19072;
0.1907;
0.19067;
0.19065;
0.19062;
0.19058;
0.19055;
0.19051;
0.19047;
0.19042;
0.19037;
0.19031;
0.19024;
0.19017;
0.1901;
0.19001;
0.18992;
0.18982;
0.18971;
0.18959;
0.18947;
0.18933;
0.18919;
0.18903;
0.18886;
0.18868;
0.18849;
0.18829;
0.18808;
0.18785;
0.18775;
0.18762;
0.18747;
0.1873;
0.1871;
0.18688;
0.18664;
0.18638;
0.1861;
0.1858;
0.18549;
0.18516;
0.18481;
0.18444;
0.18406;
0.18367;
0.18327;
0.18285;
0.18242;
0.18199;
0.18154;
0.18109;
0.18062;
0.18016;
0.17968;
0.1792;
0.17872;
0.17823;
0.17774;
0.17725;
0.17676;
0.17627;
0.17578;
0.1753;
0.17481;
0.17433;
0.17385;
0.17338;
0.17292;
0.17246;
0.17201;
0.17157;
0.17114;
0.17072;
0.17031;
0.16991;
0.16953;
0.16916;
0.1688;
0.16846;
0.16814;
0.16783;
0.16755;
0.16728;
0.16703;
0.1668;
0.1666;
0.16641;
0.16625;
0.16612;
0.16601;
0.16592;
0.16586;
0.16583;
0.16571;
0.1656;
0.16551;
0.16544;
0.16539;
0.16536;
0.16535;
0.16535;
0.16537;
0.1654;
0.16545;
0.16552;
0.1656;
0.1657;
0.16581;
0.16593;
0.16606;
0.16621;
0.16637;
0.16654;
0.16672;
0.16691;
0.16711;
0.16732;
0.16754;
0.16777;
0.16801;
0.16825;
0.1685;
0.16875;
0.16902;
0.16928;
0.16956;
0.16983;
0.17011;
0.1704;
0.17069;
0.17097;
0.17127;
0.17156;
0.17185;
0.17215;
0.17244;
0.17274;
0.17303;
0.17332;
0.17361;
0.1739;
0.17418;
0.17447;
0.17474;
0.17502;
0.17528;
0.17555;
0.1758;
0.17605;
0.1763;
0.17654;
0.17676;
0.17698;
0.1772;
0.1774;
0.17759;
0.17777;
0.17803;
0.17829;
0.17855;
0.17881;
0.17908;
0.17935;
0.17962;
0.17988;
0.18015;
0.18042;
0.18069;
0.18096;
0.18123;
0.18149;
0.18176;
0.18202;
0.18228;
0.18254;
0.1828;
0.18305;
0.1833;
0.18354;
0.18378;
0.18401;
0.18424;
0.18447;
0.18469;
0.1849;
0.18511;
0.18531;
0.1855;
0.18568;
0.18586;
0.18603;
0.18619;
0.18634;
0.18648;
0.18662;
0.18674;
0.18685;
0.18695;
0.18704;
0.18712;
0.18719;
0.18725;
0.18729;
0.18733;
0.18734;
0.18735;
0.18734;
0.18732;
0.18728;
0.18723;
0.18717;
0.18708;
0.18699;
0.18687;
0.18674;
0.1866;
0.18643;
0.18625;
0.18605;
0.18584;
0.1856;
0.18543;
0.18526;
0.18508;
0.18489;
0.18469;
0.18449;
0.18428;
0.18407;
0.18386;
0.18363;
0.18341;
0.18318;
0.18294;
0.1827;
0.18246;
0.18222;
0.18197;
0.18172;
0.18146;
0.18121;
0.18095;
0.18069;
0.18043;
0.18016;
0.1799;
0.17964;
0.17937;
0.17911;
0.17884;
0.17858;
0.17831;
0.17805;
0.17779;
0.17753;
0.17727;
0.17702;
0.17676;
0.17651;
0.17626;
0.17601;
0.17577;
0.17553;
0.17529;
0.17506;
0.17483;
0.17461;
0.17439;
0.17418;
0.17397;
0.17377;
0.17357;
0.17338;
0.1732;
0.17302;
0.17285;
0.17268;
0.17253;
0.17238;
0.17224;
0.17211;
0.17198;
0.17187;
0.17176;
0.17166;
0.17152;
0.17137;
0.17121;
0.17105;
0.17088;
0.1707;
0.17052;
0.17034;
0.17015;
0.16995;
0.16975;
0.16955;
0.16935;
0.16914;
0.16893;
0.16872;
0.16851;
0.1683;
0.16809;
0.16788;
0.16768;
0.16747;
0.16727;
0.16706;
0.16687;
0.16667;
0.16648;
0.1663;
0.16611;
0.16594;
0.16577;
0.16561;
0.16545;
0.1653;
0.16516;
0.16503;
0.16491;
0.16479;
0.16469;
0.16459;
0.16451;
0.16444;
0.16438;
0.16433;
0.1643;
0.16427;
0.16426;
0.16427;
0.16429;
0.16433;
0.16438;
0.16444;
0.16453;
0.16463;
0.16474;
0.16488;
0.16503;
0.16521;
0.1654;
0.16561;
0.16584;
0.1661;
0.16637;
0.16667;
0.16695;
0.16724;
0.16753;
0.16784;
0.16815;
0.16846;
0.16878;
0.1691;
0.16943;
0.16976;
0.1701;
0.17044;
0.17078;
0.17113;
0.17148;
0.17183;
0.17218;
0.17253;
0.17289;
0.17324;
0.1736;
0.17396;
0.17432;
0.17467;
0.17503;
0.17539;
0.17574;
0.17609;
0.17644;
0.17679;
0.17714;
0.17748;
0.17782;
0.17816;
0.17849;
0.17882;
0.17914;
0.17946;
0.17977;
0.18008;
0.18038;
0.18068;
0.18097;
0.18125;
0.18153;
0.1818;
0.18206;
0.18231;
0.18255;
0.18279;
0.18302;
0.18323;
0.18344;
0.18364;
0.18383;
0.184;
0.18417;
0.18432;
0.18447;
0.1846;
0.18472;
0.18482;
0.18492;
0.185;
0.18513;
0.18527;
0.18543;
0.1856;
0.18579;
0.18599;
0.1862;
0.18643;
0.18667;
0.18692;
0.18717;
0.18744;
0.18772;
0.18801;
0.18831;
0.18862;
0.18893;
0.18926;
0.18958;
0.18992;
0.19026;
0.19061;
0.19096;
0.19132;
0.19169;
0.19205;
0.19242;
0.1928;
0.19317;
0.19355;
0.19393;
0.19431;
0.19469;
0.19507;
0.19545;
0.19583;
0.19621;
0.19659;
0.19696;
0.19733;
0.1977;
0.19807;
0.19843;
0.19879;
0.19914;
0.19949;
0.19983;
0.20017;
0.20049;
0.20082;
0.20113;
0.20144;
0.20173;
0.20202;
0.2023;
0.20257;
0.20282;
0.20307;
0.20331;
0.20353;
0.20374;
0.20394;
0.20413;
0.2043;
0.2045;
0.20469;
0.20487;
0.20504;
0.2052;
0.20536;
0.2055;
0.20563;
0.20576;
0.20588;
0.20598;
0.20608;
0.20617;
0.20625;
0.20633;
0.20639;
0.20645;
0.20649;
0.20653;
0.20656;
0.20659;
0.2066;
0.20661;
0.20661;
0.2066;
0.20658;
0.20656;
0.20653;
0.20649;
0.20644;
0.20639;
0.20633;
0.20626;
0.20619;
0.20611;
0.20602;
0.20593;
0.20583;
0.20572;
0.20561;
0.20549;
0.20536;
0.20523;
0.20509;
0.20495;
0.2048;
0.20464;
0.20448;
0.20431;
0.20414;
0.20396;
0.20378;
0.20359;
0.2034;
0.2032;
0.203;
0.20279;
0.20258;
0.20236;
0.20214;
0.20191;
0.20168;
0.20144;
0.2012;
0.20103;
0.20083;
0.20062;
0.20038;
0.20013;
0.19986;
0.19957;
0.19927;
0.19895;
0.19862;
0.19827;
0.19791;
0.19753;
0.19714;
0.19674;
0.19633;
0.19591;
0.19548;
0.19504;
0.19459;
0.19414;
0.19368;
0.19321;
0.19274;
0.19226;
0.19177;
0.19129;
0.1908;
0.19031;
0.18981;
0.18932;
0.18883;
0.18833;
0.18784;
0.18735;
0.18686;
0.18638;
0.1859;
0.18542;
0.18495;
0.18449;
0.18403;
0.18358;
0.18314;
0.18271;
0.18228;
0.18187;
0.18146;
0.18107;
0.18069;
0.18032;
0.17997;
0.17963;
0.1793;
0.17899;
0.1787;
0.17842;
0.17816;
0.17792;
0.1777;
0.1775;
0.17731;
0.17715;
0.17701;
0.17667;
0.17635;
0.17606;
0.1758;
0.17555;
0.17534;
0.17514;
0.17497;
0.17482;
0.1747;
0.1746;
0.17452;
0.17446;
0.17442;
0.17441;
0.17442;
0.17445;
0.1745;
0.17457;
0.17466;
0.17477;
0.1749;
0.17505;
0.17522;
0.17541;
0.17562;
0.17584;
0.17609;
0.17635;
0.17663;
0.17693;
0.17724;
0.17757;
0.17792;
0.17828;
0.17866;
0.17906;
0.17947;
0.1799;
0.18034;
0.1808;
0.18127;
0.18175;
0.18225;
0.18276;
0.18329;
0.18383;
0.18438;
0.18494;
0.18552;
0.18611;
0.18671;
0.18732;
0.18795;
0.18858;
0.18923;
0.18988;
0.19055;
0.19122;
0.19191;
0.1926;
0.19331;
0.19402;
0.19474;
0.19545;
0.19616;
0.19688;
0.19759;
0.19831;
0.19902;
0.19973;
0.20044;
0.20114;
0.20185;
0.20255;
0.20324;
0.20393;
0.20461;
0.20529;
0.20596;
0.20662;
0.20728;
0.20792;
0.20856;
0.20918;
0.2098;
0.2104;
0.21099;
0.21157;
0.21213;
0.21269;
0.21322;
0.21375;
0.21425;
0.21475;
0.21522;
0.21568;
0.21612;
0.21654;
0.21694;
0.21732;
0.21768;
0.21802;
0.21834;
0.21863;
0.21891;
0.21916;
0.21938;
0.21958;
0.21976;
0.21991;
0.22003;
0.22013;
0.22019;
0.22023;
0.22025;
0.22023;
0.22018;
0.2201;
0.21999;
0.21985;
0.21967;
0.21946;
0.21922;
0.21894;
0.21863;
0.21828;
0.2179;
0.21773;
0.21754;
0.21733;
0.21711;
0.21687;
0.21662;
0.21635;
0.21607;
0.21578;
0.21547;
0.21515;
0.21482;
0.21448;
0.21413;
0.21378;
0.21341;
0.21304;
0.21266;
0.21227;
0.21188;
0.21148;
0.21108;
0.21067;
0.21026;
0.20985;
0.20944;
0.20903;
0.20861;
0.2082;
0.20779;
0.20738;
0.20697;
0.20657;
0.20617;
0.20577;
0.20538;
0.205;
0.20462;
0.20425;
0.20388;
0.20353;
0.20318;
0.20285;
0.20252;
0.20221;
0.20191;
0.20162;
0.20134;
0.20108;
0.20083;
0.2006;
0.20038;
0.20018;
0.2;
0.19983;
0.19968;
0.19956;
0.19945;
0.19936;
0.1993;
0.19925;
0.19923;
0.19923;
0.19926;
0.19921;
0.19916;
0.19912;
0.19908;
0.19904;
0.199;
0.19897;
0.19893;
0.1989;
0.19887;
0.19885;
0.19882;
0.19879;
0.19877;
0.19874;
0.19872;
0.19869;
0.19867;
0.19865;
0.19862;
0.1986;
0.19857;
0.19855;
0.19852;
0.19849;
0.19846;
0.19843;
0.19839;
0.19836;
0.19832;
0.19828;
0.19824;
0.19819;
0.19815;
0.19809;
0.19804;
0.19798;
0.19792;
0.19786;
0.19779;
0.19771;
0.19763;
0.19755;
0.19747;
0.19737;
0.19728;
0.19717;
0.19707;
0.19695;
0.19683;
0.19671;
0.19658;
0.19644;
0.19629;
0.19614;
0.19598;
0.19582;
0.19564;
0.19546;
0.19528;
0.19508;
0.19488;
0.19466;
0.19444;
0.19424;
0.19404;
0.19384;
0.19366;
0.19349;
0.19332;
0.19316;
0.19301;
0.19286;
0.19272;
0.19259;
0.19246;
0.19235;
0.19223;
0.19213;
0.19203;
0.19193;
0.19184;
0.19176;
0.19168;
0.1916;
0.19154;
0.19147;
0.19141;
0.19135;
0.1913;
0.19125;
0.19121;
0.19117;
0.19113;
0.1911;
0.19106;
0.19103;
0.19101;
0.19098;
0.19096;
0.19094;
0.19092;
0.19091;
0.19089;
0.19088;
0.19087;
0.19085;
0.19084;
0.19083;
0.19082;
0.19081;
0.1908;
0.19079;
0.19078;
0.19077;
0.19076;
0.19075;
0.19073;
0.19072;
0.1907;
0.19068;
0.19066;
0.19064;
0.19062;
0.19059;
0.19056;
0.19053;
0.19049;
0.19042;
0.19034;
0.19026;
0.19016;
0.19006;
0.18995;
0.18983;
0.1897;
0.18957;
0.18944;
0.18929;
0.18914;
0.18899;
0.18883;
0.18866;
0.1885;
0.18832;
0.18815;
0.18797;
0.18778;
0.1876;
0.18741;
0.18721;
0.18702;
0.18683;
0.18663;
0.18643;
0.18623;
0.18603;
0.18584;
0.18564;
0.18544;
0.18524;
0.18504;
0.18485;
0.18465;
0.18446;
0.18427;
0.18408;
0.1839;
0.18372;
0.18354;
0.18337;
0.1832;
0.18303;
0.18287;
0.18272;
0.18257;
0.18242;
0.18228;
0.18215;
0.18202;
0.1819;
0.18179;
0.18169;
0.18159;
0.1815;
0.18142;
0.18135;
0.18129;
0.18123;
0.18119;
0.18115;
0.18113;
0.18106;
0.18099;
0.18092;
0.18084;
0.18076;
0.18067;
0.18058;
0.18048;
0.18039;
0.18029;
0.18018;
0.18007;
0.17996;
0.17985;
0.17974;
0.17962;
0.1795;
0.17938;
0.17926;
0.17913;
0.179;
0.17888;
0.17875;
0.17862;
0.17849;
0.17836;
0.17823;
0.1781;
0.17797;
0.17784;
0.17771;
0.17758;
0.17745;
0.17733;
0.1772;
0.17707;
0.17695;
0.17683;
0.17671;
0.17659;
0.17647;
0.17636;
0.17625;
0.17614;
0.17604;
0.17593;
0.17583;
0.17574;
0.17564;
0.17556;
0.17547;
0.17539;
0.17531;
0.17524;
0.17517;
0.17511;
0.17505;
0.175;
0.17495;
0.17491;
0.17488;
0.17485;
0.17482;
0.1748;
0.17456;
0.17436;
0.17419;
0.17406;
0.17396;
0.1739;
0.17386;
0.17386;
0.17389;
0.17395;
0.17403;
0.17415;
0.17429;
0.17445;
0.17464;
0.17486;
0.17509;
0.17535;
0.17563;
0.17592;
0.17624;
0.17657;
0.17692;
0.17729;
0.17767;
0.17806;
0.17847;
0.17889;
0.17932;
0.17976;
0.18021;
0.18066;
0.18113;
0.1816;
0.18207;
0.18255;
0.18303;
0.18351;
0.184;
0.18448;
0.18496;
0.18544;
0.18592;
0.1864;
0.18687;
0.18733;
0.18779;
0.18824;
0.18868;
0.18911;
0.18953;
0.18994;
0.19033;
0.19071;
0.19108;
0.19143;
0.19177;
0.19209;
0.19239;
0.19267;
0.19293;
0.19317;
0.19338;
0.19358;
0.19377;
0.19394;
0.19409;
0.19421;
0.19432;
0.19441;
0.19448;
0.19453;
0.19456;
0.19458;
0.19457;
0.19455;
0.19452;
0.19447;
0.1944;
0.19433;
0.19423;
0.19413;
0.19401;
0.19388;
0.19374;
0.19358;
0.19342;
0.19325;
0.19307;
0.19287;
0.19268;
0.19247;
0.19225;
0.19203;
0.19181;
0.19158;
0.19134;
0.1911;
0.19086;
0.19061;
0.19036;
0.1901;
0.18985;
0.1896;
0.18934;
0.18909;
0.18883;
0.18858;
0.18833;
0.18808;
0.18783;
0.18759;
0.18735;
0.18712;
0.18689;
0.18666;
0.18644;
0.18623;
0.18603;
0.18584;
0.18565;
0.18547;
0.1853;
0.18514;
0.18499;
0.18486;
0.18473;
0.18462;
0.18445;
0.18426;
0.18408;
0.18388;
0.18368;
0.18347;
0.18325;
0.18303;
0.18281;
0.18258;
0.18234;
0.1821;
0.18186;
0.18161;
0.18136;
0.18111;
0.18086;
0.1806;
0.18034;
0.18008;
0.17982;
0.17956;
0.17929;
0.17903;
0.17877;
0.17851;
0.17825;
0.17799;
0.17773;
0.17747;
0.17722;
0.17697;
0.17672;
0.17648;
0.17624;
0.176;
0.17577;
0.17554;
0.17532;
0.17511;
0.1749;
0.17469;
0.17449;
0.1743;
0.17412;
0.17394;
0.17378;
0.17362;
0.17347;
0.17332;
0.17319;
0.17307;
0.17296;
0.17285;
0.17276;
0.17268;
0.17261;
0.17256;
0.17251;
0.17248;
0.17246;
0.17245;
0.17246;
0.17248;
0.17233;
0.17221;
0.17212;
0.17204;
0.17198;
0.17195;
0.17193;
0.17194;
0.17196;
0.172;
0.17206;
0.17213;
0.17222;
0.17233;
0.17245;
0.17258;
0.17273;
0.17289;
0.17306;
0.17324;
0.17344;
0.17364;
0.17385;
0.17408;
0.17431;
0.17455;
0.17479;
0.17505;
0.1753;
0.17557;
0.17584;
0.17611;
0.17638;
0.17666;
0.17694;
0.17722;
0.1775;
0.17779;
0.17807;
0.17835;
0.17863;
0.1789;
0.17918;
0.17944;
0.17971;
0.17997;
0.18023;
0.18047;
0.18072;
0.18095;
0.18118;
0.18139;
0.1816;
0.1818;
0.18199;
0.18216;
0.18233;
0.18248;
0.18262;
0.18274;
0.18285;
0.18295;
0.18303;
0.18309;
0.18326;
0.1834;
0.18351;
0.18359;
0.18364;
0.18367;
0.18367;
0.18364;
0.18359;
0.18352;
0.18342;
0.1833;
0.18316;
0.183;
0.18282;
0.18262;
0.1824;
0.18217;
0.18192;
0.18165;
0.18138;
0.18108;
0.18078;
0.18047;
0.18014;
0.17981;
0.17946;
0.17911;
0.17875;
0.17839;
0.17802;
0.17764;
0.17726;
0.17688;
0.1765;
0.17612;
0.17573;
0.17535;
0.17497;
0.17459;
0.17422;
0.17385;
0.17349;
0.17313;
0.17278;
0.17244;
0.1721;
0.17178;
0.17147;
0.17116;
0.17087;
0.1706;
0.17034;
0.17009;
0.16986;
0.16964;
0.16945;
0.16927;
0.16911;
0.16898;
0.16886;
0.16876;
0.16869;
0.16865;
0.16839;
0.16817;
0.16798;
0.16782;
0.1677;
0.1676;
0.16754;
0.1675;
0.1675;
0.16752;
0.16756;
0.16763;
0.16772;
0.16783;
0.16796;
0.16812;
0.16829;
0.16848;
0.16869;
0.16891;
0.16914;
0.16939;
0.16965;
0.16992;
0.17021;
0.1705;
0.17079;
0.1711;
0.17141;
0.17172;
0.17204;
0.17236;
0.17268;
0.173;
0.17332;
0.17364;
0.17396;
0.17427;
0.17457;
0.17487;
0.17516;
0.17544;
0.17572;
0.17598;
0.17623;
0.17646;
0.17668;
0.17689;
0.17708;
0.17725;
0.17741;
0.17754;
0.17765;
0.17774;
0.17781;
0.17786;
0.17788;
0.17787;
0.17783;
0.17777;
0.17768;
0.17755;
0.1774;
0.17721;
0.17712;
0.17701;
0.17687;
0.17671;
0.17653;
0.17632;
0.1761;
0.17585;
0.17559;
0.17531;
0.17501;
0.17469;
0.17436;
0.17402;
0.17366;
0.17329;
0.1729;
0.17251;
0.17211;
0.17169;
0.17127;
0.17084;
0.17041;
0.16997;
0.16952;
0.16907;
0.16862;
0.16816;
0.16771;
0.16725;
0.1668;
0.16634;
0.16589;
0.16544;
0.165;
0.16456;
0.16412;
0.1637;
0.16328;
0.16286;
0.16246;
0.16207;
0.16169;
0.16132;
0.16096;
0.16062;
0.16029;
0.15998;
0.15969;
0.15941;
0.15915;
0.15891;
0.15868;
0.15848;
0.1583;
0.15815;
0.15801;
0.15791;
0.15782;
0.15776;
0.15773;
0.15773;
0.15775;
0.15781;
0.15772;
0.15764;
0.15757;
0.15751;
0.15746;
0.15742;
0.15738;
0.15735;
0.15734;
0.15732;
0.15732;
0.15732;
0.15733;
0.15734;
0.15736;
0.15739;
0.15742;
0.15745;
0.15749;
0.15754;
0.15759;
0.15764;
0.1577;
0.15776;
0.15782;
0.15788;
0.15795;
0.15802;
0.15809;
0.15817;
0.15824;
0.15832;
0.15839;
0.15847;
0.15854;
0.15862;
0.1587;
0.15877;
0.15884;
0.15892;
0.15899;
0.15906;
0.15912;
0.15919;
0.15925;
0.1593;
0.15936;
0.15941;
0.15946;
0.1595;
0.15954;
0.15957;
0.1596;
0.15962;
0.15964;
0.15965;
0.15965;
0.15965;
0.15964;
0.15962;
0.1596;
0.15957;
0.15953;
0.15948;
0.15948;
0.15949;
0.15949;
0.15949;
0.15949;
0.15949;
0.15949;
0.1595;
0.1595;
0.1595;
0.1595;
0.1595;
0.1595;
0.15949;
0.15949;
0.15949;
0.15949;
0.15949;
0.15949;
0.15949;
0.15948;
0.15948;
0.15948;
0.15948;
0.15947;
0.15947;
0.15947;
0.15947;
0.15946;
0.15946;
0.15946;
0.15945;
0.15945;
0.15945;
0.15944;
0.15944;
0.15944;
0.15944;
0.15943;
0.15943;
0.15943;
0.15942;
0.15942;
0.15942;
0.15942;
0.15942;
0.15941;
0.15941;
0.15941;
0.15941;
0.15941;
0.15941;
0.15941;
0.15941;
0.1594;
0.1594;
0.1594;
0.15941;
0.15941;
0.15941;
0.15941;
0.15941;
0.15941;
0.15942;
0.15692;
0.15443;
0.15194;
0.14945;
0.14696;
0.14447;
0.14198;
0.13949;
0.137;
0.13451;
0.13202;
0.12952;
0.12703;
0.12454;
0.12205;
0.11956;
0.11707;
0.11458;
0.11209;
0.1096;
0.10711;
0.10462;
0.10213;
0.099634;
0.097144;
0.094653;
0.092162;
0.089671;
0.08718;
0.084689;
0.082198;
0.079707;
0.077217;
0.074726;
0.072235;
0.069744;
0.067253;
0.064762;
0.062271;
0.059781;
0.05729;
0.054799;
0.052308;
0.049817;
0.047326;
0.044835;
0.042345;
0.039854;
0.037363;
0.034872;
0.032381;
0.02989;
0.027399;
0.024909;
0.022418;
0.019927;
0.017436;
0.014945;
0.012454;
0.0099634;
0.0074726;
0.0049817;
0.0024909;
0;
0;
0;
0;
0;
0;
0;
0;
0;
0;
0;
0;
0;
0;
0;
0;
0;
0;
0;
0;
0;
0;
0;
0;
0;
0;
0;
0;
0;
0;
0;
0;
0;
0;
0;
0;
0;
0;
0;
0;
0;
0;
0;
0;
0;
0;
0;
0;
0;
0;
0;
