-0.021345;
-0.016154;
-0.011068;
-0.0060854;
-0.001205;
0.003574;
0.0082528;
0.012833;
0.017314;
0.021699;
0.025988;
0.030183;
0.034284;
0.038292;
0.042209;
0.046036;
0.049774;
0.053424;
0.056987;
0.060464;
0.063857;
0.067166;
0.070393;
0.073538;
0.076603;
0.079589;
0.082497;
0.085328;
0.088084;
0.090765;
0.093372;
0.095907;
0.09837;
0.10076;
0.10309;
0.10534;
0.10753;
0.10966;
0.11172;
0.11371;
0.11564;
0.11752;
0.11933;
0.12108;
0.12277;
0.12441;
0.12599;
0.12752;
0.12899;
0.13042;
0.13179;
0.1331;
0.13438;
0.1356;
0.13677;
0.1379;
0.13899;
0.14003;
0.14103;
0.14199;
0.14291;
0.14378;
0.14463;
0.14543;
0.1462;
0.14693;
0.14763;
0.1483;
0.14893;
0.14954;
0.15012;
0.15067;
0.15119;
0.15168;
0.15216;
0.1526;
0.15303;
0.15343;
0.15382;
0.15418;
0.15453;
0.15486;
0.15517;
0.15547;
0.15576;
0.15603;
0.1563;
0.15655;
0.15679;
0.15703;
0.15726;
0.15748;
0.1577;
0.15791;
0.15812;
0.15833;
0.15854;
0.15876;
0.15897;
0.15919;
0.15941;
0.15963;
0.15987;
0.16011;
0.16035;
0.16061;
0.16088;
0.16116;
0.16146;
0.16177;
0.16209;
0.16243;
0.16279;
0.16317;
0.16356;
0.16398;
0.16442;
0.16489;
0.16537;
0.16588;
0.16642;
0.16699;
0.16759;
0.16821;
0.16887;
0.16955;
0.17028;
0.16954;
0.16981;
0.17006;
0.1703;
0.17053;
0.17075;
0.17096;
0.17116;
0.17136;
0.17154;
0.17172;
0.17189;
0.17205;
0.1722;
0.17235;
0.17249;
0.17262;
0.17274;
0.17285;
0.17296;
0.17306;
0.17316;
0.17325;
0.17333;
0.1734;
0.17347;
0.17354;
0.1736;
0.17365;
0.1737;
0.17374;
0.17378;
0.17381;
0.17384;
0.17386;
0.17388;
0.17389;
0.1739;
0.17391;
0.17391;
0.17391;
0.17391;
0.1739;
0.17389;
0.17388;
0.17387;
0.17385;
0.17383;
0.17381;
0.17378;
0.17376;
0.17373;
0.1737;
0.17367;
0.17364;
0.1736;
0.17357;
0.17354;
0.1735;
0.17347;
0.17343;
0.1734;
0.17336;
0.17333;
0.1733;
0.17326;
0.17323;
0.1732;
0.17317;
0.17314;
0.17311;
0.17309;
0.17306;
0.17304;
0.17302;
0.17301;
0.17299;
0.17298;
0.17297;
0.17297;
0.17296;
0.17296;
0.17297;
0.17298;
0.17299;
0.173;
0.17302;
0.17305;
0.17308;
0.17311;
0.17315;
0.17319;
0.17324;
0.1733;
0.17336;
0.17342;
0.17349;
0.17357;
0.17366;
0.17375;
0.17384;
0.17395;
0.17406;
0.17417;
0.1743;
0.17443;
0.17457;
0.17472;
0.17487;
0.17504;
0.17521;
0.17539;
0.17558;
0.17577;
0.17598;
0.17619;
0.17642;
0.17665;
0.1769;
0.17715;
0.17741;
0.17769;
0.17797;
0.17826;
0.17857;
0.17888;
0.17921;
0.17955;
0.17976;
0.17997;
0.18018;
0.18038;
0.18058;
0.18077;
0.18096;
0.18114;
0.18132;
0.18149;
0.18166;
0.18183;
0.18199;
0.18214;
0.18229;
0.18244;
0.18258;
0.18272;
0.18285;
0.18298;
0.18311;
0.18323;
0.18335;
0.18346;
0.18357;
0.18367;
0.18378;
0.18387;
0.18397;
0.18406;
0.18415;
0.18423;
0.18431;
0.18439;
0.18446;
0.18453;
0.1846;
0.18466;
0.18473;
0.18478;
0.18484;
0.18489;
0.18494;
0.18498;
0.18503;
0.18507;
0.1851;
0.18514;
0.18517;
0.1852;
0.18523;
0.18525;
0.18528;
0.1853;
0.18531;
0.18533;
0.18534;
0.18535;
0.18536;
0.18537;
0.18537;
0.18538;
0.18538;
0.18538;
0.18537;
0.18537;
0.18536;
0.18536;
0.18535;
0.18534;
0.18532;
0.18531;
0.1853;
0.18528;
0.18526;
0.18524;
0.18522;
0.1852;
0.18518;
0.18516;
0.18513;
0.18511;
0.18508;
0.18506;
0.18503;
0.185;
0.18497;
0.18495;
0.18492;
0.18489;
0.18486;
0.18482;
0.18479;
0.18476;
0.18473;
0.1847;
0.18467;
0.18463;
0.1846;
0.18457;
0.18454;
0.18451;
0.18448;
0.18445;
0.18441;
0.18438;
0.18435;
0.18432;
0.1843;
0.18427;
0.18424;
0.18421;
0.18419;
0.18416;
0.18414;
0.18411;
0.18409;
0.18407;
0.18405;
0.18403;
0.18401;
0.18399;
0.18397;
0.18396;
0.18395;
0.18393;
0.18392;
0.18391;
0.18409;
0.18426;
0.18442;
0.18457;
0.18472;
0.18485;
0.18499;
0.18511;
0.18523;
0.18534;
0.18544;
0.18554;
0.18563;
0.18572;
0.18579;
0.18587;
0.18593;
0.18599;
0.18604;
0.18609;
0.18613;
0.18617;
0.1862;
0.18622;
0.18624;
0.18625;
0.18626;
0.18626;
0.18626;
0.18625;
0.18624;
0.18622;
0.1862;
0.18617;
0.18614;
0.1861;
0.18606;
0.18601;
0.18596;
0.1859;
0.18584;
0.18578;
0.18571;
0.18564;
0.18556;
0.18548;
0.1854;
0.18531;
0.18522;
0.18512;
0.18502;
0.18492;
0.18482;
0.18471;
0.1846;
0.18448;
0.18436;
0.18424;
0.18412;
0.18399;
0.18386;
0.18373;
0.1836;
0.18346;
0.18332;
0.18318;
0.18303;
0.18289;
0.18274;
0.18259;
0.18244;
0.18229;
0.18213;
0.18197;
0.18181;
0.18165;
0.18149;
0.18133;
0.18117;
0.181;
0.18083;
0.18067;
0.1805;
0.18033;
0.18016;
0.17999;
0.17982;
0.17965;
0.17948;
0.1793;
0.17913;
0.17896;
0.17878;
0.17861;
0.17844;
0.17827;
0.17809;
0.17792;
0.17775;
0.17758;
0.17741;
0.17723;
0.17707;
0.1769;
0.17673;
0.17656;
0.17639;
0.17623;
0.17607;
0.1759;
0.17574;
0.17558;
0.17542;
0.17527;
0.17511;
0.17496;
0.1748;
0.17466;
0.17451;
0.17436;
0.17422;
0.17408;
0.17394;
0.1738;
0.17367;
0.17353;
0.17341;
0.17328;
0.17315;
0.17303;
0.17293;
0.17284;
0.17276;
0.17269;
0.17263;
0.17259;
0.17256;
0.17254;
0.17253;
0.17253;
0.17255;
0.17257;
0.17261;
0.17265;
0.17271;
0.17278;
0.17285;
0.17294;
0.17303;
0.17314;
0.17325;
0.17338;
0.17351;
0.17365;
0.1738;
0.17396;
0.17413;
0.1743;
0.17449;
0.17468;
0.17487;
0.17508;
0.17529;
0.17551;
0.17574;
0.17597;
0.17621;
0.17646;
0.17671;
0.17697;
0.17724;
0.17751;
0.17779;
0.17807;
0.17835;
0.17865;
0.17894;
0.17924;
0.17955;
0.17986;
0.18018;
0.18049;
0.18082;
0.18114;
0.18147;
0.18181;
0.18214;
0.18248;
0.18282;
0.18317;
0.18351;
0.18386;
0.18422;
0.18457;
0.18492;
0.18528;
0.18564;
0.186;
0.18636;
0.18672;
0.18708;
0.18745;
0.18781;
0.18817;
0.18854;
0.1889;
0.18926;
0.18963;
0.18999;
0.19035;
0.19071;
0.19107;
0.19143;
0.19179;
0.19214;
0.19249;
0.19285;
0.19319;
0.19354;
0.19389;
0.19423;
0.19457;
0.1949;
0.19524;
0.19556;
0.19589;
0.19621;
0.19653;
0.19685;
0.19716;
0.19746;
0.19776;
0.19806;
0.19835;
0.19864;
0.19892;
0.19919;
0.19946;
0.19973;
0.19999;
0.20024;
0.20049;
0.20073;
0.20096;
0.20119;
0.20141;
0.20162;
0.20183;
0.20202;
0.20221;
0.2024;
0.20257;
0.20274;
0.20289;
0.20304;
0.20319;
0.20347;
0.20375;
0.20401;
0.20427;
0.20451;
0.20475;
0.20498;
0.20519;
0.2054;
0.2056;
0.20579;
0.20597;
0.20614;
0.2063;
0.20645;
0.20659;
0.20673;
0.20685;
0.20697;
0.20708;
0.20718;
0.20727;
0.20736;
0.20743;
0.2075;
0.20756;
0.20761;
0.20766;
0.20769;
0.20772;
0.20774;
0.20776;
0.20776;
0.20776;
0.20776;
0.20774;
0.20772;
0.2077;
0.20766;
0.20762;
0.20757;
0.20752;
0.20746;
0.20739;
0.20732;
0.20724;
0.20716;
0.20707;
0.20698;
0.20687;
0.20677;
0.20666;
0.20654;
0.20642;
0.20629;
0.20616;
0.20602;
0.20588;
0.20573;
0.20558;
0.20542;
0.20526;
0.2051;
0.20493;
0.20475;
0.20458;
0.2044;
0.20421;
0.20402;
0.20383;
0.20363;
0.20343;
0.20323;
0.20302;
0.20281;
0.2026;
0.20239;
0.20217;
0.20195;
0.20172;
0.2015;
0.20127;
0.20103;
0.2008;
0.20056;
0.20033;
0.20009;
0.19984;
0.1996;
0.19935;
0.19911;
0.19886;
0.19861;
0.19835;
0.1981;
0.19785;
0.19759;
0.19733;
0.19708;
0.19682;
0.19656;
0.1963;
0.19604;
0.19578;
0.19552;
0.19526;
0.195;
0.19474;
0.19447;
0.19421;
0.19395;
0.19369;
0.19343;
0.19317;
0.19291;
0.19266;
0.1924;
0.19214;
0.19189;
0.19163;
0.19138;
0.19113;
0.19088;
0.19063;
0.19039;
0.19014;
0.1899;
0.18966;
0.18928;
0.18892;
0.18857;
0.18822;
0.18788;
0.18755;
0.18723;
0.18692;
0.18662;
0.18632;
0.18603;
0.18575;
0.18548;
0.18521;
0.18496;
0.18471;
0.18446;
0.18423;
0.184;
0.18378;
0.18357;
0.18336;
0.18316;
0.18297;
0.18278;
0.1826;
0.18243;
0.18226;
0.1821;
0.18195;
0.1818;
0.18166;
0.18152;
0.18139;
0.18127;
0.18115;
0.18104;
0.18093;
0.18083;
0.18073;
0.18064;
0.18056;
0.18048;
0.1804;
0.18033;
0.18026;
0.1802;
0.18015;
0.18009;
0.18005;
0.18;
0.17996;
0.17993;
0.1799;
0.17987;
0.17985;
0.17983;
0.17982;
0.1798;
0.1798;
0.17979;
0.17979;
0.17979;
0.1798;
0.17981;
0.17982;
0.17983;
0.17985;
0.17987;
0.1799;
0.17992;
0.17995;
0.17998;
0.18001;
0.18005;
0.18008;
0.18012;
0.18016;
0.18021;
0.18025;
0.1803;
0.18035;
0.1804;
0.18045;
0.1805;
0.18055;
0.18061;
0.18066;
0.18072;
0.18078;
0.18084;
0.1809;
0.18096;
0.18102;
0.18108;
0.18114;
0.1812;
0.18126;
0.18132;
0.18138;
0.18144;
0.18151;
0.18157;
0.18163;
0.18169;
0.18175;
0.18181;
0.18186;
0.18192;
0.18198;
0.18203;
0.18209;
0.18214;
0.18219;
0.18224;
0.18229;
0.18234;
0.18238;
0.18243;
0.18247;
0.18251;
0.18255;
0.18258;
0.18262;
0.18265;
0.18268;
0.18271;
0.18273;
0.18275;
0.18275;
0.18275;
0.18274;
0.18272;
0.18269;
0.18265;
0.18261;
0.18255;
0.18249;
0.18242;
0.18234;
0.18226;
0.18216;
0.18206;
0.18195;
0.18184;
0.18172;
0.18159;
0.18146;
0.18131;
0.18117;
0.18101;
0.18085;
0.18069;
0.18052;
0.18034;
0.18016;
0.17998;
0.17979;
0.17959;
0.17939;
0.17919;
0.17898;
0.17876;
0.17855;
0.17833;
0.1781;
0.17787;
0.17764;
0.17741;
0.17717;
0.17693;
0.17669;
0.17644;
0.1762;
0.17595;
0.1757;
0.17544;
0.17519;
0.17493;
0.17467;
0.17441;
0.17415;
0.17389;
0.17363;
0.17337;
0.17311;
0.17284;
0.17258;
0.17232;
0.17205;
0.17179;
0.17153;
0.17127;
0.17101;
0.17075;
0.17049;
0.17023;
0.16998;
0.16973;
0.16947;
0.16922;
0.16898;
0.16873;
0.16849;
0.16825;
0.16801;
0.16778;
0.16755;
0.16732;
0.1671;
0.16688;
0.16666;
0.16645;
0.16624;
0.16603;
0.16583;
0.16564;
0.16545;
0.16526;
0.16508;
0.1649;
0.16473;
0.16457;
0.16441;
0.16426;
0.16411;
0.16397;
0.16383;
0.16371;
0.16358;
0.16347;
0.16336;
0.16326;
0.16317;
0.16308;
0.163;
0.16293;
0.16287;
0.16282;
0.16277;
0.16273;
0.16271;
0.16269;
0.16267;
0.16267;
0.16268;
0.1627;
0.16272;
0.16276;
0.1628;
0.16286;
0.16292;
0.163;
0.16309;
0.16318;
0.16329;
0.16324;
0.1632;
0.16317;
0.16315;
0.16315;
0.16315;
0.16317;
0.1632;
0.16323;
0.16328;
0.16334;
0.16341;
0.16349;
0.16358;
0.16368;
0.16378;
0.1639;
0.16403;
0.16416;
0.16431;
0.16446;
0.16462;
0.16479;
0.16497;
0.16515;
0.16534;
0.16554;
0.16575;
0.16597;
0.16619;
0.16642;
0.16665;
0.16689;
0.16714;
0.1674;
0.16766;
0.16792;
0.16819;
0.16847;
0.16875;
0.16904;
0.16933;
0.16963;
0.16993;
0.17024;
0.17055;
0.17086;
0.17118;
0.1715;
0.17183;
0.17215;
0.17249;
0.17282;
0.17316;
0.1735;
0.17384;
0.17419;
0.17453;
0.17488;
0.17523;
0.17558;
0.17594;
0.17629;
0.17665;
0.177;
0.17736;
0.17772;
0.17808;
0.17844;
0.17879;
0.17915;
0.17951;
0.17987;
0.18022;
0.18058;
0.18093;
0.18129;
0.18164;
0.18199;
0.18234;
0.18269;
0.18303;
0.18337;
0.18371;
0.18405;
0.18438;
0.18472;
0.18504;
0.18537;
0.18569;
0.18601;
0.18632;
0.18663;
0.18694;
0.18724;
0.18754;
0.18783;
0.18812;
0.1884;
0.18867;
0.18895;
0.18921;
0.18947;
0.18973;
0.18997;
0.19021;
0.19045;
0.19068;
0.1909;
0.19111;
0.19132;
0.19152;
0.19171;
0.1919;
0.19207;
0.19224;
0.1924;
0.19256;
0.1927;
0.19283;
0.19296;
0.19308;
0.19318;
0.19328;
0.19337;
0.19345;
0.19352;
0.19357;
0.1938;
0.19401;
0.1942;
0.19439;
0.19457;
0.19473;
0.19489;
0.19503;
0.19516;
0.19529;
0.1954;
0.1955;
0.19559;
0.19567;
0.19575;
0.19581;
0.19587;
0.19591;
0.19595;
0.19598;
0.19599;
0.196;
0.19601;
0.196;
0.19599;
0.19596;
0.19594;
0.1959;
0.19585;
0.1958;
0.19574;
0.19568;
0.19561;
0.19553;
0.19544;
0.19535;
0.19525;
0.19515;
0.19504;
0.19493;
0.19481;
0.19468;
0.19455;
0.19441;
0.19427;
0.19413;
0.19398;
0.19382;
0.19367;
0.1935;
0.19334;
0.19317;
0.19299;
0.19282;
0.19264;
0.19245;
0.19227;
0.19208;
0.19189;
0.19169;
0.1915;
0.1913;
0.1911;
0.1909;
0.19069;
0.19049;
0.19028;
0.19007;
0.18986;
0.18965;
0.18944;
0.18923;
0.18902;
0.18881;
0.1886;
0.18839;
0.18818;
0.18797;
0.18775;
0.18755;
0.18734;
0.18713;
0.18692;
0.18672;
0.18651;
0.18631;
0.18611;
0.18591;
0.18572;
0.18552;
0.18533;
0.18514;
0.18496;
0.18478;
0.1846;
0.18442;
0.18425;
0.18408;
0.18391;
0.18375;
0.18359;
0.18344;
0.18329;
0.18314;
0.183;
0.18287;
0.18274;
0.18261;
0.18249;
0.18238;
0.18227;
0.18217;
0.18207;
0.18198;
0.1819;
0.18182;
0.18175;
0.18168;
0.18162;
0.18157;
0.18153;
0.18149;
0.18146;
0.18144;
0.18143;
0.18142;
0.18143;
0.18144;
0.18135;
0.18127;
0.18121;
0.18115;
0.1811;
0.18106;
0.18102;
0.181;
0.18098;
0.18097;
0.18097;
0.18098;
0.181;
0.18102;
0.18105;
0.18109;
0.18113;
0.18119;
0.18125;
0.18131;
0.18139;
0.18147;
0.18155;
0.18164;
0.18174;
0.18185;
0.18196;
0.18207;
0.18219;
0.18232;
0.18245;
0.18259;
0.18273;
0.18288;
0.18303;
0.18319;
0.18335;
0.18351;
0.18368;
0.18386;
0.18404;
0.18422;
0.1844;
0.18459;
0.18478;
0.18498;
0.18518;
0.18538;
0.18558;
0.18579;
0.186;
0.18621;
0.18643;
0.18664;
0.18686;
0.18708;
0.1873;
0.18753;
0.18775;
0.18798;
0.18821;
0.18844;
0.18867;
0.1889;
0.18913;
0.18936;
0.18959;
0.18982;
0.19006;
0.19029;
0.19052;
0.19075;
0.19098;
0.19122;
0.19145;
0.19168;
0.1919;
0.19213;
0.19236;
0.19258;
0.19281;
0.19303;
0.19325;
0.19346;
0.19368;
0.19389;
0.1941;
0.19431;
0.19452;
0.19472;
0.19492;
0.19512;
0.19531;
0.1955;
0.19569;
0.19587;
0.19605;
0.19623;
0.1964;
0.19657;
0.19673;
0.19689;
0.19705;
0.1972;
0.19734;
0.19748;
0.19762;
0.19775;
0.19787;
0.19799;
0.19811;
0.19821;
0.19832;
0.19841;
0.1985;
0.19858;
0.19866;
0.19873;
0.1988;
0.19885;
0.1989;
0.19894;
0.19898;
0.19901;
0.19903;
0.19904;
0.19904;
0.19904;
0.19915;
0.19925;
0.19935;
0.19944;
0.19952;
0.19959;
0.19966;
0.19973;
0.19978;
0.19983;
0.19988;
0.19992;
0.19995;
0.19997;
0.19999;
0.20001;
0.20002;
0.20002;
0.20002;
0.20001;
0.19999;
0.19997;
0.19995;
0.19992;
0.19989;
0.19985;
0.1998;
0.19975;
0.1997;
0.19964;
0.19957;
0.1995;
0.19943;
0.19935;
0.19927;
0.19918;
0.19909;
0.199;
0.1989;
0.1988;
0.19869;
0.19858;
0.19846;
0.19834;
0.19822;
0.1981;
0.19797;
0.19783;
0.1977;
0.19756;
0.19742;
0.19727;
0.19712;
0.19697;
0.19682;
0.19666;
0.1965;
0.19633;
0.19617;
0.196;
0.19583;
0.19566;
0.19548;
0.1953;
0.19512;
0.19494;
0.19476;
0.19457;
0.19439;
0.1942;
0.19401;
0.19381;
0.19362;
0.19342;
0.19323;
0.19303;
0.19283;
0.19263;
0.19242;
0.19222;
0.19202;
0.19181;
0.1916;
0.1914;
0.19119;
0.19098;
0.19077;
0.19057;
0.19036;
0.19015;
0.18994;
0.18973;
0.18952;
0.18931;
0.1891;
0.18889;
0.18868;
0.18847;
0.18826;
0.18805;
0.18784;
0.18763;
0.18743;
0.18722;
0.18702;
0.18681;
0.18661;
0.18641;
0.1862;
0.186;
0.18581;
0.18561;
0.18541;
0.18522;
0.18502;
0.18483;
0.18464;
0.18446;
0.18427;
0.18409;
0.1839;
0.18372;
0.18355;
0.18337;
0.1832;
0.18303;
0.18286;
0.18269;
0.18249;
0.18229;
0.18209;
0.1819;
0.18171;
0.18152;
0.18133;
0.18115;
0.18097;
0.18079;
0.18062;
0.18045;
0.18028;
0.18011;
0.17995;
0.17979;
0.17963;
0.17947;
0.17932;
0.17917;
0.17902;
0.17887;
0.17873;
0.17859;
0.17845;
0.17832;
0.17819;
0.17806;
0.17793;
0.17781;
0.17768;
0.17756;
0.17745;
0.17733;
0.17722;
0.17711;
0.17701;
0.1769;
0.1768;
0.1767;
0.1766;
0.17651;
0.17642;
0.17633;
0.17624;
0.17616;
0.17607;
0.17599;
0.17592;
0.17584;
0.17577;
0.1757;
0.17563;
0.17557;
0.1755;
0.17544;
0.17539;
0.17533;
0.17528;
0.17523;
0.17518;
0.17513;
0.17509;
0.17504;
0.175;
0.17497;
0.17493;
0.1749;
0.17487;
0.17484;
0.17481;
0.17479;
0.17477;
0.17475;
0.17473;
0.17472;
0.1747;
0.17469;
0.17468;
0.17468;
0.17467;
0.17467;
0.17467;
0.17467;
0.17468;
0.17468;
0.17469;
0.1747;
0.17472;
0.17473;
0.17475;
0.17477;
0.17479;
0.17481;
0.17484;
0.17486;
0.17489;
0.17493;
0.17496;
0.17499;
0.17503;
0.17507;
0.17511;
0.17515;
0.1752;
0.17525;
0.1753;
0.17535;
0.1754;
0.17545;
0.17551;
0.17557;
0.17563;
0.17569;
0.17576;
0.17582;
0.17589;
0.17596;
0.17603;
0.17611;
0.17618;
0.17626;
0.17634;
0.17642;
0.1765;
0.17659;
0.17667;
0.17676;
0.17691;
0.17704;
0.17718;
0.17731;
0.17743;
0.17755;
0.17767;
0.17778;
0.17788;
0.17798;
0.17808;
0.17818;
0.17826;
0.17835;
0.17843;
0.17851;
0.17858;
0.17865;
0.17871;
0.17877;
0.17883;
0.17888;
0.17893;
0.17897;
0.17902;
0.17905;
0.17909;
0.17912;
0.17914;
0.17917;
0.17919;
0.1792;
0.17922;
0.17923;
0.17923;
0.17924;
0.17924;
0.17923;
0.17923;
0.17922;
0.1792;
0.17919;
0.17917;
0.17915;
0.17912;
0.1791;
0.17907;
0.17903;
0.179;
0.17896;
0.17892;
0.17888;
0.17883;
0.17878;
0.17873;
0.17868;
0.17862;
0.17857;
0.17851;
0.17844;
0.17838;
0.17831;
0.17824;
0.17817;
0.1781;
0.17803;
0.17795;
0.17787;
0.17779;
0.17771;
0.17763;
0.17754;
0.17745;
0.17736;
0.17727;
0.17718;
0.17709;
0.17699;
0.1769;
0.1768;
0.1767;
0.1766;
0.1765;
0.1764;
0.17629;
0.17619;
0.17608;
0.17598;
0.17587;
0.17576;
0.17565;
0.17554;
0.17543;
0.17532;
0.17521;
0.17509;
0.17498;
0.17486;
0.17475;
0.17463;
0.17452;
0.1744;
0.17429;
0.17417;
0.17405;
0.17393;
0.17382;
0.1737;
0.17358;
0.17346;
0.17335;
0.17323;
0.17311;
0.17299;
0.17288;
0.17276;
0.17264;
0.17252;
0.17241;
0.17229;
0.17218;
0.17206;
0.17195;
0.17183;
0.17172;
0.17161;
0.1715;
0.17138;
0.17127;
0.17117;
0.17107;
0.17098;
0.17089;
0.1708;
0.17073;
0.17065;
0.17058;
0.17052;
0.17046;
0.17041;
0.17036;
0.17031;
0.17027;
0.17024;
0.17021;
0.17018;
0.17016;
0.17015;
0.17013;
0.17013;
0.17012;
0.17013;
0.17013;
0.17014;
0.17015;
0.17017;
0.1702;
0.17022;
0.17025;
0.17029;
0.17033;
0.17037;
0.17041;
0.17046;
0.17052;
0.17057;
0.17064;
0.1707;
0.17077;
0.17084;
0.17092;
0.171;
0.17108;
0.17116;
0.17125;
0.17134;
0.17144;
0.17154;
0.17164;
0.17175;
0.17185;
0.17197;
0.17208;
0.1722;
0.17232;
0.17244;
0.17257;
0.17269;
0.17283;
0.17296;
0.1731;
0.17323;
0.17338;
0.17352;
0.17367;
0.17382;
0.17397;
0.17412;
0.17428;
0.17444;
0.1746;
0.17476;
0.17492;
0.17509;
0.17526;
0.17543;
0.1756;
0.17578;
0.17595;
0.17613;
0.17631;
0.17649;
0.17668;
0.17686;
0.17705;
0.17724;
0.17743;
0.17762;
0.17781;
0.178;
0.1782;
0.17839;
0.17859;
0.17879;
0.17899;
0.17919;
0.17939;
0.1796;
0.1798;
0.18001;
0.18021;
0.18042;
0.18063;
0.18083;
0.18104;
0.18125;
0.18146;
0.18167;
0.18189;
0.1821;
0.18231;
0.18252;
0.18274;
0.18295;
0.18316;
0.18338;
0.18359;
0.1838;
0.18402;
0.18423;
0.18445;
0.18466;
0.18488;
0.18509;
0.1853;
0.18552;
0.18574;
0.18596;
0.18618;
0.1864;
0.18663;
0.18685;
0.18708;
0.1873;
0.18753;
0.18775;
0.18798;
0.1882;
0.18843;
0.18866;
0.18889;
0.18911;
0.18934;
0.18957;
0.18979;
0.19002;
0.19024;
0.19047;
0.19069;
0.19092;
0.19114;
0.19136;
0.19159;
0.19181;
0.19203;
0.19225;
0.19247;
0.19268;
0.1929;
0.19311;
0.19333;
0.19354;
0.19375;
0.19396;
0.19417;
0.19437;
0.19458;
0.19478;
0.19498;
0.19518;
0.19538;
0.19557;
0.19577;
0.19596;
0.19615;
0.19633;
0.19652;
0.1967;
0.19688;
0.19705;
0.19723;
0.1974;
0.19757;
0.19773;
0.19789;
0.19805;
0.19821;
0.19836;
0.19851;
0.19866;
0.19881;
0.19895;
0.19908;
0.19922;
0.19935;
0.19947;
0.1996;
0.19971;
0.19983;
0.19994;
0.20005;
0.20015;
0.20025;
0.20035;
0.20044;
0.20052;
0.20061;
0.20068;
0.20076;
0.20082;
0.20089;
0.20095;
0.201;
0.20105;
0.2011;
0.20114;
0.20117;
0.2012;
0.20123;
0.20125;
0.20126;
0.20127;
0.20127;
0.20127;
0.20126;
0.20125;
0.20123;
0.20121;
0.20118;
0.20114;
0.2011;
0.20105;
0.20099;
0.20093;
0.20087;
0.20079;
0.20071;
0.20063;
0.20054;
0.20044;
0.20033;
0.20022;
0.2001;
0.19997;
0.19984;
0.1997;
0.19956;
0.1994;
0.19924;
0.19907;
0.1989;
0.19871;
0.19852;
0.19833;
0.19812;
0.19791;
0.1977;
0.19749;
0.19728;
0.19707;
0.19686;
0.19666;
0.19645;
0.19624;
0.19603;
0.19583;
0.19562;
0.19542;
0.19522;
0.19501;
0.19481;
0.19461;
0.19441;
0.19422;
0.19402;
0.19383;
0.19363;
0.19344;
0.19325;
0.19306;
0.19288;
0.19269;
0.19251;
0.19233;
0.19215;
0.19197;
0.1918;
0.19163;
0.19146;
0.19129;
0.19112;
0.19096;
0.1908;
0.19065;
0.19049;
0.19034;
0.19019;
0.19005;
0.18991;
0.18977;
0.18963;
0.1895;
0.18937;
0.18924;
0.18912;
0.189;
0.18889;
0.18878;
0.18867;
0.18856;
0.18846;
0.18837;
0.18828;
0.18819;
0.18811;
0.18803;
0.18795;
0.18788;
0.18782;
0.18776;
0.1877;
0.18765;
0.1876;
0.18756;
0.18752;
0.18749;
0.18746;
0.18744;
0.18742;
0.18741;
0.18741;
0.18741;
0.18741;
0.18742;
0.18744;
0.18746;
0.18749;
0.18752;
0.18756;
0.18761;
0.18766;
0.18772;
0.18778;
0.18785;
0.18793;
0.18801;
0.1881;
0.1882;
0.1883;
0.18841;
0.18853;
0.18865;
0.18878;
0.18892;
0.18907;
0.18922;
0.18938;
0.18954;
0.18972;
0.1899;
0.19009;
0.19028;
0.19049;
0.1907;
0.19092;
0.19115;
0.19138;
0.19163;
0.19188;
0.19214;
0.19241;
0.19268;
0.19297;
0.19326;
0.19356;
0.19387;
0.19419;
0.19452;
0.19486;
0.1952;
0.19556;
0.19592;
0.19621;
0.1965;
0.19679;
0.19707;
0.19735;
0.19762;
0.1979;
0.19817;
0.19843;
0.1987;
0.19896;
0.19922;
0.19947;
0.19972;
0.19997;
0.20021;
0.20046;
0.2007;
0.20093;
0.20116;
0.20139;
0.20162;
0.20184;
0.20206;
0.20227;
0.20249;
0.2027;
0.2029;
0.2031;
0.2033;
0.2035;
0.20369;
0.20388;
0.20406;
0.20425;
0.20442;
0.2046;
0.20477;
0.20494;
0.2051;
0.20526;
0.20542;
0.20557;
0.20572;
0.20587;
0.20601;
0.20615;
0.20628;
0.20641;
0.20654;
0.20666;
0.20678;
0.2069;
0.20701;
0.20712;
0.20723;
0.20733;
0.20742;
0.20752;
0.20761;
0.20769;
0.20777;
0.20785;
0.20792;
0.20799;
0.20806;
0.20812;
0.20818;
0.20823;
0.20828;
0.20832;
0.20837;
0.2084;
0.20844;
0.20847;
0.20849;
0.20851;
0.20853;
0.20854;
0.20855;
0.20855;
0.20855;
0.20855;
0.20854;
0.20852;
0.20851;
0.20848;
0.20846;
0.20843;
0.20839;
0.20835;
0.20831;
0.20826;
0.20821;
0.20815;
0.20809;
0.20802;
0.20795;
0.20788;
0.2078;
0.20771;
0.20762;
0.20753;
0.20743;
0.20733;
0.20722;
0.20711;
0.20699;
0.20687;
0.20674;
0.20661;
0.20648;
0.20634;
0.20619;
0.20604;
0.20589;
0.20573;
0.20556;
0.2054;
0.20522;
0.20504;
0.20486;
0.20467;
0.20448;
0.20428;
0.20407;
0.20387;
0.20365;
0.20353;
0.2034;
0.20327;
0.20314;
0.20301;
0.20288;
0.20275;
0.20261;
0.20248;
0.20235;
0.20221;
0.20208;
0.20194;
0.20181;
0.20167;
0.20153;
0.2014;
0.20126;
0.20112;
0.20098;
0.20084;
0.2007;
0.20056;
0.20042;
0.20028;
0.20014;
0.2;
0.19986;
0.19972;
0.19958;
0.19943;
0.19929;
0.19915;
0.19901;
0.19886;
0.19872;
0.19858;
0.19843;
0.19829;
0.19815;
0.198;
0.19786;
0.19772;
0.19757;
0.19743;
0.19729;
0.19714;
0.197;
0.19686;
0.19672;
0.19657;
0.19643;
0.19629;
0.19615;
0.196;
0.19586;
0.19572;
0.19558;
0.19544;
0.1953;
0.19516;
0.19502;
0.19488;
0.19474;
0.1946;
0.19447;
0.19433;
0.19419;
0.19405;
0.19392;
0.19378;
0.19365;
0.19351;
0.19338;
0.19325;
0.19311;
0.19298;
0.19285;
0.19272;
0.19259;
0.19246;
0.19233;
0.19221;
0.19208;
0.19195;
0.19183;
0.1917;
0.19158;
0.19146;
0.19133;
0.19121;
0.19109;
0.19097;
0.19086;
0.19074;
0.19062;
0.19051;
0.19039;
0.19028;
0.19017;
0.19006;
0.18995;
0.18984;
0.18973;
0.18963;
0.18952;
0.18942;
0.18932;
0.18922;
0.18912;
0.18902;
0.18892;
0.18882;
0.18873;
0.18864;
0.18854;
0.18845;
0.18836;
0.18828;
0.18819;
0.18811;
0.18802;
0.18794;
0.18786;
0.18778;
0.1877;
0.18763;
0.18756;
0.18748;
0.18741;
0.18734;
0.18726;
0.18718;
0.18711;
0.18703;
0.18695;
0.18687;
0.18679;
0.18671;
0.18662;
0.18654;
0.18646;
0.18637;
0.18628;
0.1862;
0.18611;
0.18602;
0.18594;
0.18585;
0.18576;
0.18567;
0.18558;
0.18549;
0.18539;
0.1853;
0.18521;
0.18512;
0.18502;
0.18493;
0.18484;
0.18474;
0.18465;
0.18456;
0.18446;
0.18437;
0.18427;
0.18418;
0.18408;
0.18399;
0.1839;
0.1838;
0.18371;
0.18361;
0.18352;
0.18342;
0.18333;
0.18324;
0.18314;
0.18305;
0.18296;
0.18286;
0.18277;
0.18268;
0.18259;
0.1825;
0.18241;
0.18232;
0.18223;
0.18214;
0.18205;
0.18196;
0.18187;
0.18179;
0.1817;
0.18162;
0.18153;
0.18145;
0.18137;
0.18128;
0.1812;
0.18112;
0.18104;
0.18096;
0.18089;
0.18081;
0.18073;
0.18066;
0.18059;
0.18051;
0.18044;
0.18037;
0.18031;
0.18024;
0.18017;
0.18011;
0.18004;
0.17998;
0.17992;
0.17986;
0.1798;
0.17974;
0.17969;
0.17963;
0.17958;
0.17953;
0.17948;
0.17944;
0.17939;
0.17934;
0.1793;
0.17926;
0.17922;
0.17918;
0.17915;
0.17912;
0.17908;
0.17905;
0.17903;
0.179;
0.17898;
0.17895;
0.17893;
0.17892;
0.1789;
0.17889;
0.17887;
0.17886;
0.17886;
0.17885;
0.17885;
0.17885;
0.17885;
0.17885;
0.17886;
0.17887;
0.17888;
0.17884;
0.17881;
0.17878;
0.17876;
0.17875;
0.17873;
0.17873;
0.17873;
0.17873;
0.17874;
0.17875;
0.17877;
0.17879;
0.17881;
0.17884;
0.17888;
0.17891;
0.17896;
0.179;
0.17905;
0.1791;
0.17916;
0.17922;
0.17928;
0.17935;
0.17942;
0.17949;
0.17956;
0.17964;
0.17972;
0.17981;
0.17989;
0.17998;
0.18007;
0.18017;
0.18026;
0.18036;
0.18046;
0.18056;
0.18067;
0.18077;
0.18088;
0.18099;
0.1811;
0.18121;
0.18132;
0.18144;
0.18155;
0.18167;
0.18179;
0.1819;
0.18202;
0.18214;
0.18226;
0.18238;
0.1825;
0.18262;
0.18275;
0.18287;
0.18299;
0.18311;
0.18323;
0.18335;
0.18347;
0.18359;
0.18371;
0.18383;
0.18395;
0.18406;
0.18418;
0.18429;
0.18441;
0.18452;
0.18463;
0.18474;
0.18485;
0.18496;
0.18506;
0.18517;
0.18527;
0.18537;
0.18546;
0.18556;
0.18565;
0.18574;
0.18583;
0.18592;
0.186;
0.18608;
0.18616;
0.18623;
0.18631;
0.18637;
0.18644;
0.1865;
0.18656;
0.18662;
0.18667;
0.18672;
0.18676;
0.1868;
0.18684;
0.18687;
0.1869;
0.18692;
0.18694;
0.18696;
0.18697;
0.18698;
0.18698;
0.18698;
0.18697;
0.18696;
0.18694;
0.18692;
0.18689;
0.18686;
0.18682;
0.18677;
0.18672;
0.18667;
0.18661;
0.18654;
0.18647;
0.18639;
0.1863;
0.18621;
0.18611;
0.18604;
0.18596;
0.18588;
0.1858;
0.18572;
0.18563;
0.18554;
0.18545;
0.18535;
0.18526;
0.18516;
0.18506;
0.18496;
0.18485;
0.18475;
0.18464;
0.18453;
0.18441;
0.1843;
0.18418;
0.18407;
0.18395;
0.18383;
0.18371;
0.18358;
0.18346;
0.18333;
0.18321;
0.18308;
0.18295;
0.18282;
0.18269;
0.18256;
0.18242;
0.18229;
0.18216;
0.18202;
0.18189;
0.18175;
0.18162;
0.18148;
0.18134;
0.1812;
0.18107;
0.18093;
0.18079;
0.18065;
0.18052;
0.18038;
0.18024;
0.18011;
0.17997;
0.17983;
0.1797;
0.17956;
0.17943;
0.17929;
0.17916;
0.17902;
0.17889;
0.17876;
0.17863;
0.1785;
0.17837;
0.17824;
0.17812;
0.17799;
0.17787;
0.17775;
0.17763;
0.17751;
0.17739;
0.17727;
0.17716;
0.17704;
0.17693;
0.17682;
0.17671;
0.17661;
0.1765;
0.1764;
0.1763;
0.1762;
0.17611;
0.17601;
0.17592;
0.17583;
0.17575;
0.17566;
0.17558;
0.17551;
0.17543;
0.17536;
0.17529;
0.17522;
0.17516;
0.1751;
0.17504;
0.17498;
0.17493;
0.17488;
0.17484;
0.1748;
0.17476;
0.17472;
0.17469;
0.17466;
0.17464;
0.17462;
0.1746;
0.17459;
0.17458;
0.17458;
0.17458;
0.17458;
0.17459;
0.1746;
0.17462;
0.17464;
0.17467;
0.1747;
0.17473;
0.17477;
0.17481;
0.17486;
0.17491;
0.17497;
0.17503;
0.17508;
0.17513;
0.17518;
0.17523;
0.17527;
0.17532;
0.17536;
0.1754;
0.17544;
0.17547;
0.17551;
0.17554;
0.17557;
0.17561;
0.17563;
0.17566;
0.17569;
0.17571;
0.17573;
0.17576;
0.17578;
0.17579;
0.17581;
0.17582;
0.17584;
0.17585;
0.17586;
0.17587;
0.17587;
0.17588;
0.17588;
0.17588;
0.17589;
0.17588;
0.17588;
0.17588;
0.17587;
0.17586;
0.17585;
0.17584;
0.17583;
0.17581;
0.1758;
0.17578;
0.17576;
0.17574;
0.17572;
0.17569;
0.17567;
0.17564;
0.17561;
0.17558;
0.17555;
0.17551;
0.17548;
0.17544;
0.1754;
0.17536;
0.17532;
0.17527;
0.17523;
0.17518;
0.17513;
0.17508;
0.17503;
0.17497;
0.17491;
0.17486;
0.1748;
0.17474;
0.17467;
0.17461;
0.17454;
0.17447;
0.1744;
0.17433;
0.17426;
0.17418;
0.17411;
0.17403;
0.17395;
0.17387;
0.17378;
0.1737;
0.17361;
0.17352;
0.17343;
0.17334;
0.17325;
0.17315;
0.17305;
0.17295;
0.17285;
0.17275;
0.17264;
0.17254;
0.17243;
0.17232;
0.17221;
0.17209;
0.17198;
0.17186;
0.17174;
0.17162;
0.1715;
0.17138;
0.17125;
0.17112;
0.17099;
0.17086;
0.17073;
0.17059;
0.17046;
0.17032;
0.17018;
0.17004;
0.16989;
0.16975;
0.1696;
0.16945;
0.1693;
0.16915;
0.16899;
0.16883;
0.16868;
0.16852;
0.16835;
0.16819;
0.1681;
0.168;
0.16791;
0.16781;
0.16772;
0.16762;
0.16752;
0.16743;
0.16733;
0.16723;
0.16714;
0.16704;
0.16694;
0.16684;
0.16674;
0.16664;
0.16654;
0.16644;
0.16634;
0.16624;
0.16614;
0.16604;
0.16594;
0.16584;
0.16574;
0.16564;
0.16554;
0.16544;
0.16534;
0.16524;
0.16514;
0.16504;
0.16494;
0.16484;
0.16474;
0.16464;
0.16453;
0.16443;
0.16433;
0.16423;
0.16413;
0.16403;
0.16394;
0.16384;
0.16374;
0.16364;
0.16354;
0.16344;
0.16334;
0.16325;
0.16315;
0.16305;
0.16296;
0.16286;
0.16276;
0.16267;
0.16257;
0.16248;
0.16239;
0.16229;
0.1622;
0.16211;
0.16201;
0.16192;
0.16183;
0.16174;
0.16165;
0.16156;
0.16148;
0.16139;
0.1613;
0.16121;
0.16113;
0.16104;
0.16096;
0.16088;
0.16079;
0.16071;
0.16063;
0.16055;
0.16047;
0.16039;
0.16032;
0.16024;
0.16016;
0.16009;
0.16001;
0.15994;
0.15987;
0.1598;
0.15973;
0.15966;
0.15959;
0.15952;
0.15946;
0.15939;
0.15933;
0.15927;
0.15921;
0.15915;
0.15909;
0.15903;
0.15897;
0.15892;
0.15886;
0.15881;
0.15876;
0.15871;
0.15866;
0.15861;
0.15856;
0.15852;
0.15848;
0.15843;
0.15839;
0.15835;
0.15831;
0.15828;
0.15824;
0.15821;
0.15818;
0.15815;
0.15812;
0.15809;
0.15806;
0.15804;
0.15802;
0.158;
0.15673;
0.15547;
0.15422;
0.15296;
0.1517;
0.15045;
0.14919;
0.14794;
0.14669;
0.14544;
0.14419;
0.14294;
0.1417;
0.14045;
0.13921;
0.13796;
0.13672;
0.13548;
0.13424;
0.133;
0.13176;
0.13052;
0.12929;
0.12805;
0.12682;
0.12558;
0.12435;
0.12312;
0.12189;
0.12066;
0.11943;
0.1182;
0.11697;
0.11574;
0.11451;
0.11329;
0.11206;
0.11083;
0.10961;
0.10838;
0.10716;
0.10594;
0.10471;
0.10349;
0.10227;
0.10105;
0.099825;
0.098604;
0.097383;
0.096163;
0.094942;
0.093722;
0.092503;
0.091283;
0.090064;
0.088845;
0.087625;
0.086406;
0.085188;
0.083969;
0.08275;
0.081531;
0.080312;
0.079094;
0.077875;
0.076656;
0.075437;
0.074218;
0.072999;
0.071779;
0.07056;
0.06934;
0.06812;
0.0669;
0.065679;
0.064458;
0.063237;
0.062016;
0.060794;
0.059572;
0.058349;
0.057126;
0.055902;
0.054678;
0.053454;
0.052229;
0.051003;
0.049777;
0.04855;
0.047323;
0.046095;
0.044866;
0.043637;
0.042406;
0.041176;
0.039944;
0.038712;
0.037479;
0.036245;
0.03501;
0.033774;
0.032538;
0.0313;
0.030062;
0.028822;
0.027582;
0.026341;
0.025098;
0.023855;
0.02261;
0.021365;
0.020118;
0.01887;
0.017621;
0.016371;
0.01512;
0.013867;
0.012613;
0.011358;
0.010101;
0.0088435;
0.0075844;
0.0063239;
0.005062;
0.0037987;
0.0025339;
0.0012677;
0;
0;
0;
0;
0;
0;
0;
0;
0;
0;
0;
0;
0;
0;
0;
0;
0;
0;
0;
0;
0;
0;
0;
0;
0;
0;
0;
0;
0;
0;
0;
0;
0;
0;
0;
0;
0;
0;
0;
0;
0;
0;
0;
0;
0;
0;
0;
0;
0;
0;
0;
