0.000000;
0.000000;
0.000000;
0.000000;
0.000000;
0.000000;
0.000000;
0.000000;
0.000000;
0.000000;
0.000000;
0.000000;
0.000000;
0.000000;
0.000000;
0.000000;
0.000000;
0.000000;
0.000000;
0.000000;
0.000000;
0.000000;
0.000000;
0.000000;
0.000000;
0.000000;
0.000000;
0.162753;
0.162742;
0.162724;
0.162699;
0.162668;
0.162630;
0.162586;
0.162536;
0.162479;
0.162417;
0.162350;
0.162277;
0.162198;
0.162115;
0.162028;
0.161935;
0.161839;
0.161738;
0.161634;
0.161526;
0.161415;
0.161300;
0.161183;
0.161064;
0.160942;
0.160818;
0.160692;
0.160565;
0.160436;
0.160307;
0.160176;
0.160045;
0.159914;
0.159783;
0.159653;
0.159523;
0.159393;
0.159265;
0.159138;
0.159013;
0.158889;
0.158768;
0.158649;
0.158532;
0.158418;
0.158307;
0.158199;
0.158095;
0.157995;
0.157898;
0.157805;
0.157717;
0.157633;
0.157554;
0.157480;
0.157411;
0.157347;
0.157288;
0.157235;
0.157188;
0.157146;
0.157111;
0.157082;
0.157059;
0.157042;
0.157032;
0.157029;
0.157029;
0.157028;
0.157028;
0.157028;
0.157027;
0.157026;
0.157025;
0.157024;
0.157023;
0.157022;
0.157021;
0.157019;
0.157017;
0.157016;
0.157014;
0.157012;
0.157010;
0.157008;
0.157006;
0.157003;
0.157001;
0.156999;
0.156996;
0.156994;
0.156991;
0.156988;
0.156985;
0.156982;
0.156979;
0.156977;
0.156974;
0.156970;
0.156967;
0.156964;
0.156961;
0.156958;
0.156955;
0.156951;
0.156948;
0.156945;
0.156942;
0.156939;
0.156935;
0.156932;
0.156929;
0.156926;
0.156923;
0.156920;
0.156917;
0.156914;
0.156912;
0.156909;
0.156906;
0.156904;
0.156902;
0.156899;
0.156897;
0.156896;
0.156894;
0.156892;
0.156891;
0.156890;
0.156889;
0.156888;
0.156888;
0.156888;
0.156909;
0.156971;
0.157068;
0.157198;
0.157356;
0.157540;
0.157747;
0.157975;
0.158221;
0.158484;
0.158760;
0.159050;
0.159350;
0.159659;
0.159976;
0.160299;
0.160626;
0.160956;
0.161288;
0.161619;
0.161949;
0.162276;
0.162597;
0.162912;
0.163218;
0.163514;
0.163797;
0.164066;
0.164317;
0.164548;
0.164755;
0.164936;
0.165087;
0.165201;
0.165275;
0.165301;
0.165320;
0.165373;
0.165453;
0.165559;
0.165685;
0.165830;
0.165991;
0.166166;
0.166353;
0.166550;
0.166757;
0.166972;
0.167193;
0.167420;
0.167652;
0.167888;
0.168127;
0.168368;
0.168611;
0.168854;
0.169097;
0.169339;
0.169579;
0.169817;
0.170052;
0.170282;
0.170508;
0.170728;
0.170942;
0.171148;
0.171345;
0.171532;
0.171708;
0.171872;
0.172021;
0.172155;
0.172271;
0.172366;
0.172439;
0.172485;
0.172502;
0.172783;
0.173469;
0.174417;
0.175550;
0.176817;
0.178187;
0.179634;
0.181140;
0.182689;
0.184269;
0.185869;
0.187478;
0.189086;
0.190684;
0.192261;
0.193806;
0.195306;
0.196746;
0.198108;
0.199367;
0.200490;
0.201428;
0.202104;
0.202381;
0.202300;
0.202074;
0.201728;
0.201283;
0.200755;
0.200161;
0.199516;
0.198833;
0.198125;
0.197403;
0.196678;
0.195963;
0.195268;
0.194604;
0.193984;
0.193419;
0.192922;
0.192507;
0.192189;
0.191984;
0.191911;
0.191817;
0.191557;
0.191158;
0.190643;
0.190031;
0.189339;
0.188580;
0.187767;
0.186911;
0.186024;
0.185115;
0.184194;
0.183270;
0.182353;
0.181452;
0.180579;
0.179744;
0.178958;
0.178237;
0.177594;
0.177049;
0.176623;
0.176341;
0.176238;
0.176236;
0.176229;
0.176216;
0.176199;
0.176177;
0.176150;
0.176118;
0.176081;
0.176039;
0.175993;
0.175942;
0.175887;
0.175828;
0.175765;
0.175698;
0.175627;
0.175553;
0.175475;
0.175395;
0.175313;
0.175228;
0.175141;
0.175052;
0.174962;
0.174871;
0.174780;
0.174688;
0.174596;
0.174505;
0.174414;
0.174325;
0.174237;
0.174150;
0.174065;
0.173983;
0.173902;
0.173825;
0.173750;
0.173678;
0.173609;
0.173543;
0.173481;
0.173423;
0.173367;
0.173316;
0.173268;
0.173224;
0.173184;
0.173148;
0.173116;
0.173087;
0.173062;
0.173042;
0.173025;
0.173012;
0.173002;
0.172997;
0.172995;
0.173339;
0.174369;
0.176068;
0.178390;
0.181259;
0.184567;
0.188182;
0.191953;
0.195728;
0.199368;
0.202752;
0.205784;
0.208398;
0.210551;
0.212222;
0.213404;
0.214103;
0.214332;
0.214251;
0.214010;
0.213615;
0.213072;
0.212392;
0.211585;
0.210666;
0.209652;
0.208563;
0.207424;
0.206260;
0.205101;
0.203979;
0.202930;
0.201989;
0.201194;
0.200582;
0.200190;
0.200051;
0.199990;
0.199816;
0.199542;
0.199180;
0.198738;
0.198226;
0.197653;
0.197025;
0.196349;
0.195632;
0.194879;
0.194097;
0.193289;
0.192462;
0.191620;
0.190768;
0.189911;
0.189053;
0.188199;
0.187354;
0.186523;
0.185710;
0.184922;
0.184162;
0.183437;
0.182753;
0.182116;
0.181534;
0.181013;
0.180563;
0.180192;
0.179912;
0.179733;
0.179670;
0.179659;
0.179624;
0.179566;
0.179483;
0.179376;
0.179244;
0.179087;
0.178906;
0.178701;
0.178471;
0.178219;
0.177946;
0.177651;
0.177338;
0.177008;
0.176663;
0.176305;
0.175938;
0.175564;
0.175185;
0.174806;
0.174428;
0.174055;
0.173690;
0.173334;
0.172990;
0.172660;
0.172347;
0.172050;
0.171773;
0.171515;
0.171277;
0.171060;
0.170865;
0.170691;
0.170539;
0.170408;
0.170298;
0.170209;
0.170140;
0.170092;
0.170063;
0.170054;
0.170234;
0.170761;
0.171615;
0.172770;
0.174193;
0.175847;
0.177692;
0.179683;
0.181773;
0.183914;
0.186057;
0.188154;
0.190161;
0.192035;
0.193740;
0.195241;
0.196511;
0.197526;
0.198267;
0.198719;
0.198871;
0.198841;
0.198753;
0.198611;
0.198418;
0.198179;
0.197898;
0.197581;
0.197234;
0.196861;
0.196471;
0.196068;
0.195661;
0.195256;
0.194861;
0.194484;
0.194132;
0.193814;
0.193537;
0.193308;
0.193136;
0.193028;
0.192990;
0.192606;
0.191515;
0.189809;
0.187581;
0.184928;
0.181946;
0.178738;
0.175410;
0.172073;
0.168846;
0.165857;
0.163245;
0.161161;
0.159772;
0.159263;
0.159270;
0.159291;
0.159322;
0.159361;
0.159407;
0.159458;
0.159513;
0.159571;
0.159632;
0.159693;
0.159756;
0.159818;
0.159880;
0.159939;
0.159995;
0.160047;
0.160093;
0.160130;
0.160157;
0.160167;
0.160384;
0.160963;
0.161818;
0.162881;
0.164100;
0.165429;
0.166826;
0.168252;
0.169671;
0.171042;
0.172321;
0.173458;
0.174391;
0.175038;
0.175287;
0.175274;
0.175233;
0.175163;
0.175065;
0.174939;
0.174783;
0.174600;
0.174390;
0.174156;
0.173902;
0.173632;
0.173353;
0.173073;
0.172802;
0.172552;
0.172336;
0.172167;
0.172058;
0.172019;
0.172212;
0.172771;
0.173667;
0.174867;
0.176340;
0.178051;
0.179965;
0.182047;
0.184259;
0.186564;
0.188924;
0.191303;
0.193660;
0.195960;
0.198163;
0.200235;
0.202137;
0.203836;
0.205296;
0.206485;
0.207371;
0.207924;
0.208114;
0.208089;
0.208012;
0.207884;
0.207705;
0.207476;
0.207200;
0.206880;
0.206521;
0.206128;
0.205709;
0.205273;
0.204829;
0.204388;
0.203959;
0.203554;
0.203183;
0.202854;
0.202575;
0.202352;
0.202189;
0.202091;
0.202057;
0.202119;
0.202290;
0.202552;
0.202890;
0.203293;
0.203750;
0.204253;
0.204794;
0.205366;
0.205964;
0.206581;
0.207213;
0.207854;
0.208499;
0.209143;
0.209781;
0.210408;
0.211019;
0.211607;
0.212167;
0.212691;
0.213170;
0.213595;
0.213956;
0.214238;
0.214424;
0.214492;
0.214486;
0.214470;
0.214444;
0.214408;
0.214365;
0.214314;
0.214255;
0.214190;
0.214119;
0.214042;
0.213961;
0.213874;
0.213783;
0.213688;
0.213590;
0.213489;
0.213384;
0.213277;
0.213168;
0.213057;
0.212944;
0.212831;
0.212716;
0.212601;
0.212485;
0.212369;
0.212254;
0.212140;
0.212026;
0.211914;
0.211803;
0.211695;
0.211589;
0.211486;
0.211386;
0.211290;
0.211199;
0.211112;
0.211031;
0.210956;
0.210888;
0.210827;
0.210775;
0.210732;
0.210700;
0.210679;
0.210672;
0.210667;
0.210651;
0.210629;
0.210601;
0.210569;
0.210533;
0.210496;
0.210458;
0.210421;
0.210384;
0.210349;
0.210318;
0.210291;
0.210269;
0.210255;
0.210249;
0.210227;
0.210158;
0.210045;
0.209887;
0.209687;
0.209445;
0.209164;
0.208847;
0.208496;
0.208116;
0.207710;
0.207284;
0.206842;
0.206389;
0.205932;
0.205476;
0.205027;
0.204591;
0.204173;
0.203779;
0.203413;
0.203079;
0.202782;
0.202525;
0.202311;
0.202142;
0.202020;
0.201946;
0.201922;
0.201518;
0.200318;
0.198346;
0.195648;
0.192290;
0.188358;
0.183968;
0.179257;
0.174381;
0.169513;
0.164828;
0.160504;
0.156704;
0.153575;
0.151237;
0.149787;
0.149292;
0.149289;
0.149281;
0.149268;
0.149249;
0.149224;
0.149193;
0.149159;
0.149120;
0.149078;
0.149035;
0.148993;
0.148952;
0.148915;
0.148883;
0.148856;
0.148835;
0.148820;
0.148812;
0.148809;
0.149527;
0.151506;
0.154513;
0.158345;
0.162822;
0.167777;
0.173057;
0.178511;
0.183993;
0.189352;
0.194435;
0.199077;
0.203094;
0.206284;
0.208410;
0.209192;
0.209167;
0.209093;
0.208975;
0.208818;
0.208623;
0.208397;
0.208142;
0.207863;
0.207563;
0.207246;
0.206917;
0.206580;
0.206240;
0.205901;
0.205569;
0.205248;
0.204944;
0.204665;
0.204416;
0.204205;
0.204042;
0.203936;
0.203898;
0.203194;
0.201410;
0.198877;
0.195816;
0.192392;
0.188740;
0.184994;
0.181304;
0.177873;
0.175055;
0.173683;
0.173680;
0.173671;
0.173657;
0.173638;
0.173616;
0.173590;
0.173560;
0.173528;
0.173493;
0.173456;
0.173418;
0.173378;
0.173338;
0.173296;
0.173255;
0.173214;
0.173174;
0.173135;
0.173098;
0.173064;
0.173032;
0.173006;
0.172984;
0.172970;
0.172965;
0.172985;
0.173042;
0.173131;
0.173248;
0.173388;
0.173546;
0.173717;
0.173897;
0.174079;
0.174259;
0.174431;
0.174592;
0.174734;
0.174854;
0.174946;
0.175005;
0.175026;
0.175009;
0.174957;
0.174869;
0.174743;
0.174579;
0.174377;
0.174139;
0.173870;
0.173577;
0.173269;
0.172962;
0.172668;
0.172406;
0.172187;
0.172024;
0.171924;
0.171891;
0.172103;
0.172706;
0.173657;
0.174911;
0.176424;
0.178152;
0.180053;
0.182078;
0.184182;
0.186313;
0.188416;
0.190431;
0.192292;
0.193921;
0.195229;
0.196111;
0.196439;
0.196350;
0.196074;
0.195600;
0.194922;
0.194038;
0.192955;
0.191692;
0.190284;
0.188780;
0.187238;
0.185724;
0.184300;
0.183016;
0.181911;
0.181006;
0.180310;
0.179824;
0.179540;
0.179448;
0.179327;
0.178985;
0.178453;
0.177760;
0.176933;
0.176000;
0.174989;
0.173927;
0.172844;
0.171770;
0.170738;
0.169784;
0.168948;
0.168277;
0.167825;
0.167657;
0.167653;
0.167640;
0.167618;
0.167588;
0.167550;
0.167505;
0.167452;
0.167392;
0.167328;
0.167258;
0.167185;
0.167109;
0.167033;
0.166957;
0.166882;
0.166811;
0.166745;
0.166684;
0.166631;
0.166586;
0.166549;
0.166523;
0.166507;
0.166501;
0.166494;
0.166471;
0.166434;
0.166382;
0.166318;
0.166240;
0.166151;
0.166050;
0.165938;
0.165817;
0.165688;
0.165550;
0.165406;
0.165256;
0.165101;
0.164942;
0.164780;
0.164617;
0.164453;
0.164289;
0.164126;
0.163965;
0.163806;
0.163652;
0.163501;
0.163356;
0.163217;
0.163084;
0.162958;
0.162839;
0.162729;
0.162626;
0.162533;
0.162448;
0.162373;
0.162307;
0.162252;
0.162206;
0.162170;
0.162144;
0.162129;
0.162123;
0.162128;
0.162142;
0.162165;
0.162197;
0.162238;
0.162288;
0.162346;
0.162413;
0.162487;
0.162569;
0.162660;
0.162757;
0.162862;
0.162974;
0.163093;
0.163218;
0.163349;
0.163487;
0.163631;
0.163780;
0.163935;
0.164095;
0.164260;
0.164429;
0.164603;
0.164781;
0.164963;
0.165148;
0.165337;
0.165528;
0.165723;
0.165920;
0.166119;
0.166320;
0.166522;
0.166726;
0.166932;
0.167137;
0.167344;
0.167551;
0.167757;
0.167964;
0.168169;
0.168374;
0.168578;
0.168780;
0.168981;
0.169180;
0.169376;
0.169570;
0.169762;
0.169950;
0.170135;
0.170317;
0.170495;
0.170669;
0.170839;
0.171005;
0.171166;
0.171322;
0.171473;
0.171619;
0.171759;
0.171894;
0.172023;
0.172146;
0.172262;
0.172372;
0.172476;
0.172573;
0.172662;
 0.172745;
 0.172821;
 0.172889;
 0.172949;
 0.173002;
 0.173047;
 0.173084;
 0.173113;
 0.173134;
 0.173147;
 0.173151;
 0.173181;
 0.173270;
 0.173415;
 0.173615;
 0.173867;
 0.174168;
 0.174517;
 0.174911;
 0.175348;
 0.175826;
 0.176341;
 0.176893;
 0.177478;
 0.178093;
 0.178738;
 0.179408;
 0.180103;
 0.180818;
 0.181552;
 0.182303;
 0.183067;
 0.183843;
 0.184628;
 0.185419;
 0.186213;
 0.187009;
 0.187805;
 0.188596;
 0.189381;
 0.190158;
 0.190923;
 0.191675;
 0.192410;
 0.193127;
 0.193823;
 0.194496;
 0.195142;
 0.195760;
 0.196346;
 0.196900;
 0.197418;
 0.197897;
 0.198336;
 0.198732;
 0.199083;
 0.199386;
 0.199639;
 0.199839;
 0.199986;
 0.200075;
 0.200105;
 0.200107;
 0.200111;
 0.200118;
 0.200128;
 0.200140;
 0.200155;
 0.200173;
 0.200193;
 0.200216;
 0.200241;
 0.200268;
 0.200297;
 0.200328;
 0.200361;
 0.200396;
 0.200433;
 0.200471;
 0.200510;
 0.200551;
 0.200593;
 0.200636;
 0.200679;
 0.200723;
 0.200768;
 0.200812;
 0.200857;
 0.200901;
 0.200945;
 0.200987;
 0.201029;
 0.201070;
 0.201109;
 0.201146;
 0.201182;
 0.201214;
 0.201245;
 0.201272;
 0.201296;
 0.201316;
 0.201332;
 0.201344;
 0.201352;
 0.201354;
 0.201305;
 0.201169;
 0.200963;
 0.200698;
 0.200385;
 0.200034;
 0.199652;
 0.199246;
 0.198822;
 0.198386;
 0.197944;
 0.197501;
 0.197063;
 0.196634;
 0.196220;
 0.195826;
 0.195459;
 0.195125;
 0.194830;
 0.194583;
 0.194392;
 0.194268;
 0.194224;
 0.194108;
 0.193777;
 0.193255;
 0.192569;
 0.191745;
 0.190813;
 0.189805;
 0.188751;
 0.187687;
 0.186646;
 0.185664;
 0.184777;
 0.184023;
 0.183437;
 0.183059;
 0.182924;
 0.182922;
 0.182917;
 0.182907;
 0.182894;
 0.182877;
 0.182857;
 0.182833;
 0.182806;
 0.182776;
 0.182743;
 0.182708;
 0.182670;
 0.182630;
 0.182588;
 0.182545;
 0.182500;
 0.182455;
 0.182409;
 0.182363;
 0.182319;
 0.182275;
 0.182234;
 0.182195;
 0.182160;
 0.182129;
 0.182103;
 0.182083;
 0.182070;
 0.182066;
 0.182061;
 0.182047;
 0.182023;
 0.181990;
 0.181949;
 0.181898;
 0.181838;
 0.181771;
 0.181694;
 0.181610;
 0.181519;
 0.181419;
 0.181313;
 0.181200;
 0.181081;
 0.180956;
 0.180825;
 0.180689;
 0.180549;
 0.180404;
 0.180256;
 0.180104;
 0.179950;
 0.179794;
 0.179635;
 0.179476;
 0.179316;
 0.179157;
 0.178997;
 0.178839;
 0.178682;
 0.178528;
 0.178376;
 0.178227;
 0.178082;
 0.177941;
 0.177805;
 0.177674;
 0.177548;
 0.177428;
 0.177314;
 0.177208;
 0.177108;
 0.177016;
 0.176931;
 0.176854;
 0.176786;
 0.176726;
 0.176675;
 0.176633;
 0.176600;
 0.176576;
 0.176562;
 0.176557;
 0.176668;
 0.176979;
 0.177456;
 0.178072;
 0.178802;
 0.179623;
 0.180512;
 0.181451;
 0.182421;
 0.183403;
 0.184380;
 0.185334;
 0.186248;
 0.187105;
 0.187886;
 0.188573;
 0.189146;
 0.189584;
 0.189866;
 0.189965;
 0.189963;
 0.189954;
 0.189940;
 0.189921;
 0.189896;
 0.189865;
 0.189830;
 0.189791;
 0.189747;
 0.189700;
 0.189651;
 0.189600;
 0.189548;
 0.189498;
 0.189449;
 0.189403;
 0.189362;
 0.189326;
 0.189297;
 0.189275;
 0.189262;
 0.189257;
 0.189324;
 0.189510;
 0.189794;
 0.190162;
 0.190599;
 0.191095;
 0.191639;
 0.192221;
 0.192833;
 0.193468;
 0.194117;
 0.194774;
 0.195432;
 0.196084;
 0.196722;
 0.197339;
 0.197927;
 0.198477;
 0.198980;
 0.199426;
 0.199801;
 0.200092;
 0.200283;
 0.200352;
 0.200353;
 0.200357;
 0.200363;
 0.200371;
 0.200382;
 0.200396;
 0.200413;
 0.200432;
 0.200454;
 0.200480;
 0.200508;
 0.200540;
 0.200574;
 0.200612;
 0.200653;
 0.200698;
 0.200745;
 0.200796;
 0.200851;
 0.200909;
 0.200969;
 0.201033;
 0.201101;
 0.201170;
 0.201243;
 0.201318;
 0.201395;
 0.201475;
 0.201555;
 0.201637;
 0.201720;
 0.201804;
 0.201887;
 0.201970;
 0.202052;
 0.202134;
 0.202213;
 0.202291;
 0.202366;
 0.202438;
 0.202508;
 0.202575;
 0.202638;
 0.202698;
 0.202755;
 0.202808;
 0.202857;
 0.202902;
 0.202944;
 0.202982;
 0.203016;
 0.203047;
 0.203074;
 0.203098;
 0.203118;
 0.203135;
 0.203148;
 0.203159;
 0.203166;
 0.203170;
 0.203172;
 0.203076;
 0.202804;
 0.202381;
 0.201838;
 0.201207;
 0.200527;
 0.199833;
 0.199164;
 0.198556;
 0.198040;
 0.197644;
 0.197394;
 0.197307;
 0.197290;
 0.197238;
 0.197152;
 0.197031;
 0.196876;
 0.196685;
 0.196462;
 0.196207;
 0.195921;
 0.195608;
 0.195271;
 0.194914;
 0.194541;
 0.194159;
 0.193773;
 0.193389;
 0.193015;
 0.192658;
 0.192324;
 0.192020;
 0.191753;
 0.191526;
 0.191345;
 0.191213;
 0.191132;
 0.191105;
 0.191095;
 0.191070;
 0.191034;
 0.190990;
 0.190942;
 0.190891;
 0.190839;
 0.190786;
 0.190735;
 0.190686;
 0.190643;
 0.190607;
 0.190581;
 0.190571;
 0.190533;
 0.190415;
 0.190214;
 0.189927;
 0.189555;
 0.189101;
 0.188571;
 0.187978;
 0.187340;
 0.186681;
 0.186027;
 0.185408;
 0.184849;
 0.184372;
 0.183992;
 0.183719;
 0.183556;
 0.183502;
 0.183604;
 0.183883;
 0.184303;
 0.184835;
 0.185453;
 0.186138;
 0.186868;
 0.187628;
 0.188402;
 0.189176;
 0.189935;
 0.190668;
 0.191361;
 0.192003;
 0.192581;
 0.193083;
 0.193497;
 0.193809;
 0.194007;
 0.194076;
 0.194062;
 0.194018;
 0.193947;
 0.193851;
 0.193732;
 0.193593;
 0.193438;
 0.193269;
 0.193092;
 0.192910;
 0.192729;
 0.192553;
 0.192386;
 0.192234;
 0.192101;
 0.191992;
 0.191909;
 0.191858;
 0.191840;
 0.191674;
 0.191192;
 0.190420;
 0.189384;
 0.188112;
 0.186631;
 0.184970;
 0.183159;
 0.181232;
 0.179220;
 0.177161;
 0.175092;
 0.173055;
 0.171095;
 0.169261;
 0.167606;
 0.166189;
 0.165079;
 0.164348;
 0.164084;
 0.164094;
 0.164127;
 0.164180;
 0.164254;
 0.164347;
 0.164457;
 0.164584;
 0.164725;
 0.164878;
 0.165040;
 0.165210;
 0.165383;
 0.165556;
 0.165727;
 0.165891;
 0.166047;
 0.166189;
 0.166316;
 0.166425;
 0.166513;
 0.166577;
 0.166617;
 0.166631;
 0.166641;
 0.166670;
 0.166715;
 0.166773;
 0.166843;
 0.166923;
 0.167012;
 0.167108;
 0.167211;
 0.167320;
 0.167434;
 0.167552;
 0.167673;
 0.167798;
 0.167925;
 0.168053;
 0.168184;
 0.168315;
 0.168446;
 0.168578;
 0.168709;
 0.168840;
 0.168969;
 0.169096;
 0.169222;
 0.169345;
 0.169464;
 0.169581;
 0.169693;
 0.169801;
 0.169903;
 0.170000;
 0.170091;
 0.170175;
 0.170251;
 0.170318;
 0.170376;
 0.170423;
 0.170459;
 0.170482;
 0.170489;
 0.170503;
 0.170543;
 0.170607;
 0.170694;
 0.170803;
 0.170932;
 0.171080;
 0.171246;
 0.171428;
 0.171626;
 0.171837;
 0.172061;
 0.172297;
 0.172542;
 0.172797;
 0.173059;
 0.173327;
 0.173600;
 0.173877;
 0.174156;
 0.174435;
 0.174714;
 0.174990;
 0.175261;
 0.175527;
 0.175784;
 0.176031;
 0.176267;
 0.176487;
 0.176689;
 0.176872;
 0.177031;
 0.177162;
 0.177262;
 0.177326;
 0.177349;
 0.177531;
 0.177951;
 0.178513;
 0.179167;
 0.179886;
 0.180652;
 0.181452;
 0.182276;
 0.183115;
 0.183961;
 0.184809;
 0.185650;
 0.186477;
 0.187279;
 0.188044;
 0.188754;
 0.189379;
 0.189867;
 0.190091;
 0.190083;
 0.190061;
 0.190024;
 0.189975;
 0.189916;
 0.189846;
 0.189768;
 0.189683;
 0.189592;
 0.189497;
 0.189399;
 0.189301;
 0.189202;
 0.189106;
 0.189013;
 0.188925;
 0.188844;
 0.188771;
 0.188708;
 0.188656;
 0.188617;
 0.188593;
 0.188584;
 0.188607;
 0.188670;
 0.188765;
 0.188885;
 0.189021;
 0.189167;
 0.189314;
 0.189453;
 0.189577;
 0.189677;
 0.189743;
 0.189768;
 0.189721;
 0.189575;
 0.189322;
 0.188957;
 0.188475;
 0.187877;
 0.187172;
 0.186374;
 0.185511;
 0.184615;
 0.183726;
 0.182881;
 0.182109;
 0.181432;
 0.180863;
 0.180407;
 0.180062;
 0.179824;
 0.179687;
 0.179642;
 0.179533;
 0.179232;
 0.178771;
 0.178183;
 0.177494;
 0.176730;
 0.175916;
 0.175072;
 0.174222;
 0.173387;
 0.172587;
 0.171845;
 0.171182;
 0.170621;
 0.170187;
 0.169906;
 0.169805;
 0.169820;
 0.169865;
 0.169941;
 0.170047;
 0.170184;
 0.170348;
 0.170541;
 0.170758;
 0.170998;
 0.171255;
 0.171526;
 0.171804;
 0.172082;
 0.172353;
 0.172606;
 0.172833;
 0.173024;
 0.173171;
 0.173264;
 0.173296;
 0.173318;
 0.173379;
 0.173476;
 0.173604;
 0.173757;
 0.173930;
 0.174116;
 0.174310;
 0.174506;
 0.174695;
 0.174873;
 0.175032;
 0.175167;
 0.175270;
 0.175336;
 0.175360;
 0.175337;
 0.175266;
 0.175144;
 0.174968;
 0.174737;
 0.174451;
 0.174112;
 0.173730;
 0.173316;
 0.172885;
 0.172457;
 0.172051;
 0.171682;
 0.171364;
 0.171103;
 0.170902;
 0.170762;
 0.170681;
 0.170655;
 0.170478;
 0.169999;
 0.169280;
 0.168378;
 0.167336;
 0.166197;
 0.164999;
 0.163778;
 0.162571;
 0.161415;
 0.160348;
 0.159416;
 0.158668;
 0.158163;
 0.157975;
 0.157972;
 0.157962;
 0.157945;
 0.157923;
 0.157896;
 0.157865;
 0.157829;
 0.157791;
 0.157749;
 0.157707;
 0.157663;
 0.157619;
 0.157577;
 0.157537;
 0.157499;
 0.157466;
 0.157438;
 0.157417;
 0.157403;
 0.157398;
 0.157663;
 0.158432;
 0.159664;
 0.161307;
 0.163301;
 0.165574;
 0.168049;
 0.170639;
 0.173253;
 0.175799;
 0.178181;
 0.180306;
 0.182089;
 0.183446;
 0.184305;
 0.184605;
 0.184545;
 0.184360;
 0.184046;
 0.183600;
 0.183024;
 0.182326;
 0.181520;
 0.180629;
 0.179683;
 0.178717;
 0.177770;
 0.176877;
 0.176068;
 0.175367;
 0.174789;
 0.174340;
 0.174024;
 0.173839;
 0.173778;
 0.173881;
 0.174170;
 0.174620;
 0.175208;
 0.175910;
 0.176709;
 0.177583;
 0.178517;
 0.179493;
 0.180494;
 0.181506;
 0.182513;
 0.183499;
 0.184450;
 0.185351;
 0.186186;
 0.186940;
 0.187596;
 0.188139;
 0.188550;
 0.188811;
 0.188902;
 0.188873;
 0.188786;
 0.188645;
 0.188454;
 0.188216;
 0.187936;
 0.187620;
 0.187275;
 0.186908;
 0.186528;
 0.186144;
 0.185767;
 0.185408;
 0.185081;
 0.184800;
 0.184579;
 0.184434;
 0.184382;
 0.184399;
 0.184448;
 0.184527;
 0.184636;
 0.184773;
 0.184937;
 0.185127;
 0.185341;
 0.185578;
 0.185838;
 0.186120;
 0.186421;
 0.186743;
 0.187082;
 0.187440;
 0.187814;
 0.188204;
 0.188609;
 0.189029;
 0.189462;
 0.189907;
 0.190365;
 0.190834;
 0.191313;
 0.191801;
 0.192299;
 0.192804;
 0.193317;
 0.193837;
 0.194362;
 0.194893;
 0.195428;
 0.195967;
 0.196508;
 0.197051;
 0.197596;
 0.198141;
 0.198685;
 0.199228;
 0.199769;
 0.200307;
 0.200841;
 0.201369;
 0.201891;
 0.202406;
 0.202913;
 0.203409;
 0.203895;
 0.204369;
 0.204829;
 0.205274;
 0.205702;
 0.206111;
 0.206499;
 0.206865;
 0.207207;
 0.207521;
 0.207805;
 0.208056;
 0.208271;
 0.208446;
 0.208577;
 0.208660;
 0.208688;
 0.208682;
 0.208663;
 0.208631;
 0.208587;
 0.208530;
 0.208461;
 0.208380;
 0.208287;
 0.208182;
 0.208067;
 0.207940;
 0.207804;
 0.207657;
 0.207500;
 0.207335;
 0.207161;
 0.206979;
 0.206790;
 0.206594;
 0.206393;
 0.206186;
 0.205974;
 0.205759;
 0.205541;
 0.205320;
 0.205098;
 0.204876;
 0.204653;
 0.204432;
 0.204212;
 0.203995;
 0.203781;
 0.203570;
 0.203365;
 0.203164;
 0.202970;
 0.202782;
 0.202601;
 0.202428;
 0.202263;
 0.202107;
 0.201960;
 0.201822;
 0.201694;
 0.201576;
 0.201468;
 0.201372;
 0.201286;
 0.201211;
 0.201148;
 0.201095;
 0.201055;
 0.201026;
 0.201008;
 0.201002;
 0.200960;
 0.200845;
 0.200672;
 0.200451;
 0.200191;
 0.199900;
 0.199584;
 0.199248;
 0.198897;
 0.198537;
 0.198172;
 0.197808;
 0.197451;
 0.197107;
 0.196784;
 0.196493;
 0.196248;
 0.196072;
 0.196001;
 0.195990;
 0.195955;
 0.195897;
 0.195813;
 0.195705;
 0.195571;
 0.195412;
 0.195230;
 0.195025;
 0.194802;
 0.194563;
 0.194315;
 0.194064;
 0.193817;
 0.193583;
 0.193369;
 0.193184;
 0.193033;
 0.192922;
 0.192854;
 0.192831;
 0.192529;
 0.191722;
 0.190528;
 0.189038;
 0.187325;
 0.185454;
 0.183480;
 0.181461;
 0.179453;
 0.177524;
 0.175751;
 0.174238;
 0.173136;
 0.172686;
 0.172700;
 0.172743;
 0.172812;
 0.172905;
 0.173020;
 0.173154;
 0.173303;
 0.173464;
 0.173632;
 0.173802;
 0.173971;
 0.174132;
 0.174283;
 0.174418;
 0.174535;
 0.174630;
 0.174700;
 0.174743;
 0.174758;
 0.174764;
 0.174783;
 0.174813;
 0.174855;
 0.174906;
 0.174965;
 0.175031;
 0.175104;
 0.175180;
 0.175259;
 0.175338;
 0.175416;
 0.175491;
 0.175561;
 0.175622;
 0.175674;
 0.175714;
 0.175740;
 0.175749;
 0.175745;
 0.175734;
 0.175717;
 0.175693;
 0.175663;
 0.175628;
 0.175587;
 0.175543;
 0.175495;
 0.175444;
 0.175391;
 0.175337;
 0.175283;
 0.175229;
 0.175177;
 0.175128;
 0.175083;
 0.175042;
 0.175006;
 0.174977;
 0.174956;
 0.174942;
 0.174937;
 0.175085;
 0.175496;
 0.176133;
 0.176964;
 0.177963;
 0.179105;
 0.180372;
 0.181747;
 0.183214;
 0.184760;
 0.186372;
 0.188038;
 0.189749;
 0.191494;
 0.193265;
 0.195051;
 0.196844;
 0.198636;
 0.200419;
 0.202183;
 0.203920;
 0.205622;
 0.207280;
 0.208884;
 0.210425;
 0.211891;
 0.213273;
 0.214557;
 0.215731;
 0.216780;
 0.217687;
 0.218434;
 0.219001;
 0.219362;
 0.219489;
 0.219493;
 0.219505;
 0.219524;
 0.219552;
 0.219589;
 0.219634;
 0.219687;
 0.219750;
 0.219822;
 0.219902;
 0.219992;
 0.220091;
 0.220199;
 0.220315;
 0.220440;
 0.220573;
 0.220713;
 0.220860;
 0.221013;
 0.221171;
 0.221334;
 0.221500;
 0.221667;
 0.221836;
 0.222004;
 0.222170;
 0.222333;
 0.222492;
 0.222646;
 0.222794;
 0.222934;
 0.223066;
 0.223190;
 0.223304;
 0.223409;
 0.223503;
 0.223588;
 0.223662;
 0.223726;
 0.223780;
 0.223823;
 0.223857;
 0.223880;
 0.223894;
 0.223899;
 0.223744;
 0.223293;
 0.222572;
 0.221608;
 0.220430;
 0.219069;
 0.217558;
 0.215931;
 0.214225;
 0.212475;
 0.210720;
 0.208998;
 0.207346;
 0.205802;
 0.204404;
 0.203186;
 0.202184;
 0.201431;
 0.200958;
 0.200794;
 0.200793;
 0.200791;
 0.200788;
 0.200784;
 0.200778;
 0.200772;
 0.200765;
 0.200757;
 0.200748;
 0.200739;
 0.200729;
 0.200719;
 0.200709;
 0.200699;
 0.200689;
 0.200679;
 0.200670;
 0.200661;
 0.200653;
 0.200647;
 0.200641;
 0.200638;
 0.200637;
 0.200638;
 0.200641;
 0.200646;
 0.200653;
 0.200661;
 0.200672;
 0.200683;
 0.200697;
 0.200712;
 0.200728;
 0.200745;
 0.200764;
 0.200783;
 0.200803;
 0.200824;
 0.200846;
 0.200868;
 0.200890;
 0.200913;
 0.200936;
 0.200958;
 0.200980;
 0.201002;
 0.201023;
 0.201044;
 0.201063;
 0.201081;
 0.201098;
 0.201113;
 0.201125;
 0.201136;
 0.201144;
 0.201149;
 0.201151;
 0.201146;
 0.201132;
 0.201109;
 0.201076;
 0.201033;
 0.200980;
 0.200918;
 0.200847;
 0.200766;
 0.200676;
 0.200578;
 0.200471;
 0.200357;
 0.200235;
 0.200108;
 0.199974;
 0.199836;
 0.199694;
 0.199549;
 0.199402;
 0.199254;
 0.199107;
 0.198961;
 0.198817;
 0.198676;
 0.198539;
 0.198407;
 0.198280;
 0.198160;
 0.198046;
 0.197938;
 0.197839;
 0.197747;
 0.197663;
 0.197587;
 0.197519;
 0.197459;
 0.197408;
 0.197364;
 0.197329;
 0.197302;
 0.197283;
 0.197272;
 0.197268;
 0.197230;
 0.197123;
 0.196951;
 0.196724;
 0.196448;
 0.196131;
 0.195781;
 0.195408;
 0.195019;
 0.194624;
 0.194234;
 0.193857;
 0.193506;
 0.193191;
 0.192924;
 0.192717;
 0.192583;
 0.192535;
 0.192476;
 0.192311;
 0.192056;
 0.191726;
 0.191332;
 0.190885;
 0.190397;
 0.189876;
 0.189332;
 0.188772;
 0.188206;
 0.187643;
 0.187089;
 0.186556;
 0.186052;
 0.185587;
 0.185173;
 0.184822;
 0.184548;
 0.184369;
 0.184305;
 0.184408;
 0.184698;
 0.185143;
 0.185717;
 0.186392;
 0.187145;
 0.187950;
 0.188786;
 0.189627;
 0.190449;
 0.191228;
 0.191937;
 0.192548;
 0.193030;
 0.193348;
 0.193464;
 0.193424;
 0.193299;
 0.193081;
 0.192764;
 0.192339;
 0.191804;
 0.191160;
 0.190414;
 0.189587;
 0.188706;
 0.187811;
 0.186943;
 0.186141;
 0.185432;
 0.184834;
 0.184355;
 0.183994;
 0.183747;
 0.183605;
 0.183559;
 0.183638;
 0.183864;
 0.184225;
 0.184707;
 0.185296;
 0.185974;
 0.186726;
 0.187533;
 0.188376;
 0.189234;
 0.190087;
 0.190911;
 0.191682;
 0.192376;
 0.192966;
 0.193423;
 0.193720;
 0.193826;
 0.193829;
 0.193839;
 0.193854;
 0.193874;
 0.193898;
 0.193925;
 0.193954;
 0.193986;
 0.194019;
 0.194053;
 0.194087;
 0.194121;
 0.194155;
 0.194187;
 0.194217;
 0.194244;
 0.194267;
 0.194285;
 0.194298;
 0.194302;
 0.193838;
 0.192567;
 0.190659;
 0.188276;
 0.185565;
 0.182671;
 0.179730;
 0.176876;
 0.174241;
 0.171957;
 0.170155;
 0.168972;
 0.168545;
 0.168531;
 0.168492;
 0.168426;
 0.168336;
 0.168223;
 0.168089;
 0.167938;
 0.167771;
 0.167595;
 0.167413;
 0.167231;
 0.167052;
 0.166883;
 0.166728;
 0.166590;
 0.166473;
 0.166379;
 0.166311;
 0.166270;
 0.166256;
 0.166786;
 0.168163;
 0.170133;
 0.172511;
 0.175148;
 0.177918;
 0.180708;
 0.183413;
 0.185925;
 0.188134;
 0.189912;
 0.191116;
 0.191565;
 0.191556;
 0.191529;
 0.191485;
 0.191421;
 0.191338;
 0.191236;
 0.191113;
 0.190971;
 0.190810;
 0.190630;
 0.190433;
 0.190219;
 0.189993;
 0.189756;
 0.189514;
 0.189269;
 0.189028;
 0.188796;
 0.188580;
 0.188385;
 0.188217;
 0.188081;
 0.187980;
 0.187919;
 0.187898;
 0.187610;
 0.186793;
 0.185516;
 0.183845;
 0.181848;
 0.179594;
 0.177150;
 0.174589;
 0.171984;
 0.169412;
 0.166956;
 0.164704;
 0.162751;
 0.161203;
 0.160176;
 0.159801;
 0.159770;
 0.159677;
 0.159525;
 0.159318;
 0.159059;
 0.158755;
 0.158413;
 0.158041;
 0.157651;
 0.157252;
 0.156855;
 0.156472;
 0.156114;
 0.155791;
 0.155512;
 0.155287;
 0.155120;
 0.155017;
 0.154982;
 0.155585;
 0.157267;
 0.159841;
 0.163113;
 0.166899;
 0.171018;
 0.175300;
 0.179588;
 0.183737;
 0.187619;
 0.191121;
 0.194143;
 0.196600;
 0.198421;
 0.199548;
 0.199933;
 0.199881;
 0.199739;
 0.199520;
 0.199238;
 0.198905;
 0.198531;
 0.198125;
 0.197697;
 0.197254;
 0.196803;
 0.196353;
 0.195911;
 0.195482;
 0.195075;
 0.194696;
 0.194353;
 0.194053;
 0.193804;
 0.193615;
 0.193494;
 0.193452;
 0.193443;
 0.193418;
 0.193376;
 0.193319;
 0.193247;
 0.193162;
 0.193064;
 0.192954;
 0.192832;
 0.192700;
 0.192558;
 0.192407;
 0.192249;
 0.192083;
 0.191911;
 0.191734;
 0.191553;
 0.191368;
 0.191181;
 0.190992;
 0.190803;
 0.190615;
 0.190429;
 0.190245;
 0.190066;
 0.189893;
 0.189726;
 0.189567;
 0.189418;
 0.189280;
 0.189155;
 0.189043;
 0.188948;
 0.188870;
 0.188812;
 0.188776;
 0.188763;
 0.188760;
 0.188752;
 0.188738;
 0.188717;
 0.188691;
 0.188659;
 0.188620;
 0.188575;
 0.188523;
 0.188466;
 0.188401;
 0.188331;
 0.188255;
 0.188173;
 0.188087;
 0.187995;
 0.187899;
 0.187800;
 0.187698;
 0.187594;
 0.187489;
 0.187384;
 0.187279;
 0.187177;
 0.187077;
 0.186980;
 0.186887;
 0.186800;
 0.186717;
 0.186641;
 0.186570;
 0.186506;
 0.186449;
 0.186399;
 0.186356;
 0.186319;
 0.186290;
 0.186267;
 0.186251;
 0.186242;
 0.186239;
 0.186109;
 0.185770;
 0.185278;
 0.184670;
 0.183976;
 0.183219;
 0.182416;
 0.181584;
 0.180737;
 0.179887;
 0.179049;
 0.178235;
 0.177458;
 0.176734;
 0.176079;
 0.175514;
 0.175064;
 0.174761;
 0.174648;
 0.174634;
 0.174596;
 0.174536;
 0.174454;
 0.174354;
 0.174237;
 0.174104;
 0.173958;
 0.173800;
 0.173631;
 0.173454;
 0.173269;
 0.173078;
 0.172884;
 0.172687;
 0.172490;
 0.172295;
 0.172104;
 0.171919;
 0.171743;
 0.171580;
 0.171433;
 0.171306;
 0.171206;
 0.171139;
 0.171114;
 0.171126;
 0.171161;
 0.171217;
 0.171293;
 0.171388;
 0.171499;
 0.171626;
 0.171768;
 0.171922;
 0.172088;
 0.172264;
 0.172449;
 0.172641;
 0.172840;
 0.173044;
 0.173251;
 0.173460;
 0.173669;
 0.173877;
 0.174080;
 0.174278;
 0.174468;
 0.174647;
 0.174812;
 0.174960;
 0.175085;
 0.175184;
 0.175249;
 0.175273;
 0.175274;
 0.175277;
 0.175283;
 0.175292;
 0.175302;
 0.175315;
 0.175330;
 0.175348;
 0.175368;
 0.175390;
 0.175413;
 0.175439;
 0.175467;
 0.175497;
 0.175528;
 0.175561;
 0.175595;
 0.175630;
 0.175667;
 0.175704;
 0.175742;
 0.175781;
 0.175820;
 0.175859;
 0.175898;
 0.175937;
 0.175975;
 0.176012;
 0.176049;
 0.176084;
 0.176118;
 0.176151;
 0.176182;
 0.176211;
 0.176238;
 0.176262;
 0.176285;
 0.176305;
 0.176323;
 0.176338;
 0.176351;
 0.176361;
 0.176368;
 0.176372;
 0.176373;
 0.176476;
 0.176763;
 0.177207;
 0.177786;
 0.178480;
 0.179271;
 0.180144;
 0.181082;
 0.182072;
 0.183098;
 0.184145;
 0.185197;
 0.186237;
 0.187242;
 0.188187;
 0.189040;
 0.189754;
 0.190266;
 0.190471;
 0.190451;
 0.190396;
 0.190309;
 0.190194;
 0.190053;
 0.189889;
 0.189706;
 0.189505;
 0.189288;
 0.189059;
 0.188819;
 0.188571;
 0.188316;
 0.188057;
 0.187797;
 0.187539;
 0.187285;
 0.187040;
 0.186807;
 0.186593;
 0.186404;
 0.186248;
 0.186140;
 0.186098;
 0.185630;
 0.184315;
 0.182290;
 0.179706;
 0.176721;
 0.173499;
 0.170206;
 0.167009;
 0.164071;
 0.161546;
 0.159582;
 0.158316;
 0.157867;
 0.157867;
 0.157864;
 0.157860;
 0.157854;
 0.157846;
 0.157837;
 0.157826;
 0.157815;
 0.157802;
 0.157788;
 0.157774;
 0.157759;
 0.157744;
 0.157729;
 0.157715;
 0.157701;
 0.157688;
 0.157676;
 0.157666;
 0.157657;
 0.157651;
 0.157647;
 0.157645;
 0.157771;
 0.158139;
 0.158739;
 0.159558;
 0.160579;
 0.161788;
 0.163163;
 0.164685;
 0.166331;
 0.168076;
 0.169892;
 0.171749;
 0.173615;
 0.175458;
 0.177239;
 0.178921;
 0.180465;
 0.181827;
 0.182964;
 0.183833;
 0.184388;
 0.184583;
 0.184550;
 0.184455;
 0.184303;
 0.184098;
 0.183849;
 0.183562;
 0.183246;
 0.182911;
 0.182566;
 0.182223;
 0.181894;
 0.181592;
 0.181332;
 0.181127;
 0.180994;
 0.180945;
 0.180929;
 0.180879;
 0.180796;
 0.180680;
 0.180531;
 0.180351;
 0.180138;
 0.179895;
 0.179621;
 0.179317;
 0.178984;
 0.178623;
 0.178234;
 0.177819;
 0.177379;
 0.176915;
 0.176429;
 0.175921;
 0.175393;
 0.174847;
 0.174284;
 0.173707;
 0.173116;
 0.172513;
 0.171901;
 0.171282;
 0.170656;
 0.170027;
 0.169396;
 0.168766;
 0.168137;
 0.167512;
 0.166894;
 0.166284;
 0.165683;
 0.165094;
 0.164519;
 0.163959;
 0.163416;
 0.162891;
 0.162386;
 0.161903;
 0.161442;
 0.161005;
 0.160594;
 0.160208;
 0.159850;
 0.159520;
 0.159219;
 0.158948;
 0.158707;
 0.158497;
 0.158318;
 0.158171;
 0.158056;
 0.157974;
 0.157925;
 0.157908;
 0.157910;
 0.157916;
 0.157924;
 0.157936;
 0.157952;
 0.157970;
 0.157991;
 0.158014;
 0.158041;
 0.158069;
 0.158100;
 0.158133;
 0.158168;
 0.158205;
 0.158243;
 0.158283;
 0.158324;
 0.158367;
 0.158410;
 0.158455;
 0.158500;
 0.158545;
 0.158591;
 0.158637;
 0.158684;
 0.158730;
 0.158776;
 0.158822;
 0.158867;
 0.158911;
 0.158955;
 0.158997;
 0.159039;
 0.159079;
 0.159117;
 0.159154;
 0.159189;
 0.159222;
 0.159253;
 0.159282;
 0.159308;
 0.159332;
 0.159353;
 0.159371;
 0.159387;
 0.159399;
 0.159408;
 0.159413;
 0.159415;
 0.159415;
 0.159415;
 0.159415;
 0.159415;
 0.159415;
 0.159415;
 0.159415;
 0.159415;
 0.159415;
 0.159415;
 0.159415;
 0.159415;
 0.159415;
 0.159415;
 0.159415;
 0.159415;
 0.159415;
 0.159415;
 0.159415;
 0.159415;
 0.159415;
 0.159415;
 0.159415;
 0.159415;
 0.159415;
 0.159415;
 0.159415;
 0.159415;
 0.159415;
 0.159415;
 0.159415;
 0.159415;
 0.159415;
 0.159415;
 0.159415;
 0.159415;
 0.159415;
 0.159415;
 0.159415;
 0.159415;
 0.159415;
 0.159415;
 0.159415;
 0.159415;
 0.159415;
 0.159415;
 0.159415;
 0.159415;
 0.159415;
 0.159415;
 0.159415;
 0.159415;
 0.159415;
 0.159415;
 0.159415;
 0.159415;
 0.159415;
 0.159415;
 0.159415;
 0.159415;
 0.159415;
 0.159415;
 0.159415;
 0.159415;
 0.159415;
 0.159415;
 0.159415;
 0.159415;
 0.159415;
 0.159415;
 0.159415;
 0.159415;
 0.159415;
 0.159415;
 0.159415;
 0.159415;
 0.159415;
 0.159415;
 0.159415;
 0.159415;
 0.159415;
 0.159415;
 0.159415;
 0.159415;
 0.159415;
 0.159415;
 0.159415;
 0.159415;
 0.159415;
 0.159415;
 0.159415;
 0.159415;
 0.159415;
 0.159415;
 0.159415;
 0.159415;
 0.159415;
 0.159415;
 0.159415;
 0.159415;
 0.159415;
 0.159415;
 0.159415;
 0.159415;
 0.159415;
 0.159415;
 0.159415;
 0.159415;
 0.159415;
 0.159415;
 0.159415;
 0.159415;
 0.159415;
 0.159415;
 0.159415;
 0.159415;
 0.159415;
 0.159415;
 0.159415;
 0.159415;
 0.159415;
 0.159415;
 0.159415;
 0.159415;
 0.159415;
 0.159415;
 0.159415;
 0.159415;
 0.159415;
 0.159415;
 0.159415;
 0.159415;
 0.159415;
 0.159415;
 0.159415;
 0.159415;
 0.159415;
 0.159415;
 0.159415;
 0.159415;
 0.159415;
 0.159415;
 0.159415;
 0.159415;
 0.159415;
 0.159415;
 0.159415;
 0.159415;
 0.159415;
 0.159415;
 0.159415;
 0.159415;
 0.159415;
 0.159415;
 0.159415;
 0.159415;
 0.159415;
 0.159415;
 0.159415;
 0.159415;
 0.159415;
 0.159415;
 0.159415;
 0.159415;
 0.159415;
 0.159415;
 0.159415;
 0.159415;
 0.159415;
 0.159415;
 0.159415;
 0.159415;
 0.159415;
 0.159415;
 0.159415;
 0.159415;
 0.159415;
 0.159415;
 0.159415;
 0.159415;
 0.159415;
 0.159415;
 0.159415;
 0.159415;
 0.159415;
 0.159415;
 0.159415;
 0.159415;
 0.159415;
 0.159415;
 0.159415;
 0.159415;
 0.159415;
 0.159415;
 0.159415;
 0.159415;
 0.159415;
 0.159415;
 0.159415;
 0.159415;
 0.159415;
 0.159415;
 0.159415;
 0.159415;
 0.159415;
 0.159415;
 0.159415;
 0.159415;
 0.159415;
 0.000000;
