0.000000;
0.000000;
0.000000;
0.000000;
0.000000;
0.000000;
0.000000;
0.000000;
0.000000;
0.000000;
0.000000;
0.000000;
0.000000;
0.000000;
0.000000;
0.000000;
0.000000;
0.000000;
0.000000;
0.000000;
0.000000;
0.000000;
0.000000;
0.000000;
0.000000;
0.000000;
0.000000;
6.259663;
6.325196;
6.424067;
6.550529;
6.700286;
6.870021;
7.057159;
7.259592;
7.475581;
7.703697;
7.942726;
8.191634;
8.449531;
8.715653;
8.989305;
9.269890;
9.556878;
9.849792;
10.148200;
10.451710;
10.759964;
11.072656;
11.389467;
11.710139;
12.034403;
12.362042;
12.692818;
13.026526;
13.362980;
13.701990;
14.043378;
14.386978;
14.732630;
15.080180;
15.429482;
15.780388;
16.132756;
16.486450;
16.841332;
17.197269;
17.554127;
17.911772;
18.270069;
18.628882;
18.988072;
19.347500;
19.707018;
20.066477;
20.425719;
20.784581;
21.142891;
21.500461;
21.857098;
22.212589;
22.566707;
22.919201;
23.269795;
23.618182;
23.964026;
24.306941;
24.646485;
24.982152;
25.313359;
25.639414;
25.959488;
26.272583;
26.577437;
26.872489;
27.155698;
27.424328;
27.674546;
27.900753;
28.094038;
28.238679;
28.301387;
28.306562;
28.322375;
28.349535;
28.388765;
28.440815;
28.506584;
28.586963;
28.682949;
28.795512;
28.925692;
29.074548;
29.242930;
29.431409;
29.640006;
29.867693;
30.111663;
30.366209;
30.621201;
30.860627;
31.062189;
31.199772;
31.249594;
30.328428;
28.723791;
26.854303;
24.821721;
22.656946;
22.218213;
21.595433;
20.922350;
20.222573;
19.505681;
18.776730;
18.038726;
17.293711;
16.543080;
15.787889;
15.028960;
14.266933;
13.502357;
12.735676;
11.967303;
11.197602;
10.426912;
9.655564;
8.883892;
8.112242;
7.340995;
6.570577;
5.801498;
5.034390;
4.270086;
3.509738;
2.755077;
2.008967;
1.276907;
0.572962;
0.000000;
-1.697381;
-3.442110;
-5.192875;
-6.945562;
-8.698493;
-10.450699;
-12.201484;
-13.950241;
-15.696382;
-17.439272;
-19.178164;
-20.912128;
-22.639905;
-24.359780;
-26.069076;
-27.763422;
-29.434274;
-31.059883;
-32.462895;
-32.462130;
-32.459798;
-32.455832;
-32.450152;
-32.442694;
-32.433373;
-32.422106;
-32.408797;
-32.393357;
-32.375684;
-32.355667;
-32.333206;
-32.308174;
-32.280450;
-32.249902;
-32.216405;
-32.179818;
-32.140006;
-32.096833;
-32.050153;
-31.999847;
-31.945797;
-31.887900;
-31.826085;
-31.760315;
-31.690603;
-31.617019;
-31.539710;
-31.458920;
-31.374987;
-31.288367;
-31.199631;
-31.109455;
-31.018610;
-30.927931;
-30.838278;
-30.750500;
-30.665392;
-30.583659;
-30.505888;
-30.432554;
-30.363986;
-30.300408;
-30.241918;
-30.188541;
-30.140216;
-30.096840;
-30.058253;
-30.024287;
-29.994736;
-29.969398;
-29.948065;
-29.930531;
-29.916600;
-29.906075;
-29.898764;
-29.894500;
-29.893113;
-29.891334;
-29.885939;
-29.876827;
-29.863881;
-29.847011;
-29.826130;
-29.801150;
-29.772018;
-29.738681;
-29.701126;
-29.659367;
-29.613441;
-29.563462;
-29.509578;
-29.452012;
-29.391058;
-29.327100;
-29.260609;
-29.192155;
-29.122406;
-29.052121;
-28.982142;
-28.913373;
-28.846759;
-28.783258;
-28.723805;
-28.669284;
-28.620499;
-28.578149;
-28.542809;
-28.514939;
-28.494843;
-28.482740;
-28.478699;
-28.037892;
-26.885987;
-25.194847;
-23.074437;
-20.598514;
-17.819247;
-14.773347;
-11.487886;
-7.979831;
-4.257589;
-0.347553;
0.743416;
1.994801;
3.421457;
4.941498;
6.519355;
8.135022;
9.775934;
11.433202;
13.099959;
14.770534;
16.439838;
18.102987;
19.754957;
21.390233;
23.002258;
24.583061;
26.121803;
27.603197;
29.003332;
30.280402;
31.345300;
31.907726;
32.067808;
32.506907;
33.163416;
33.976396;
34.888254;
35.846922;
36.806733;
37.729074;
38.582064;
39.340388;
39.984358;
40.499113;
40.874143;
41.102120;
41.178994;
41.124216;
40.976074;
40.752974;
40.467544;
40.129134;
39.744855;
39.320209;
38.859522;
38.366238;
37.843139;
37.292492;
36.716089;
36.115271;
35.491039;
34.843815;
34.173519;
33.478727;
32.753087;
32.520788;
31.972169;
31.226614;
30.343457;
29.357305;
28.290485;
27.158450;
25.972393;
24.740844;
23.470371;
22.166309;
20.833075;
19.474404;
18.093529;
16.693325;
15.276431;
13.845361;
12.402575;
10.950701;
9.492584;
8.031617;
6.572145;
5.120283;
3.685737;
2.286613;
0.967812;
0.000000;
-2.808829;
-5.965468;
-9.147977;
-12.314189;
-15.442253;
-18.513840;
-21.508610;
-24.399576;
-27.145079;
-29.672181;
-31.820057;
-33.011000;
-34.135152;
-35.562653;
-36.878199;
-38.008504;
-38.921725;
-39.596450;
-40.014270;
-40.158281;
-39.930449;
-39.220970;
-37.966693;
-36.064149;
-33.301709;
-31.963716;
-29.738745;
-27.200158;
-24.483684;
-21.647536;
-18.722847;
-15.728255;
-12.675944;
-9.573906;
-6.427176;
-3.237711;
0.000000;
1.168126;
2.700984;
4.318167;
5.976351;
7.658224;
9.354592;
11.059652;
12.769399;
14.480709;
16.190972;
17.897837;
19.598965;
21.292005;
22.974241;
24.642596;
26.293222;
27.921103;
29.519337;
31.077640;
32.579479;
33.994084;
35.249527;
36.025662;
36.133512;
36.410368;
36.802463;
37.269692;
37.781192;
38.312460;
38.843321;
39.356729;
39.838022;
40.274239;
40.653634;
40.965491;
41.199809;
41.347157;
41.398312;
41.297296;
41.017347;
40.586259;
40.025630;
39.354133;
38.586638;
37.737360;
36.819298;
35.845835;
34.832394;
33.799409;
32.779807;
31.844217;
31.269907;
30.931665;
30.222225;
29.324704;
28.308090;
27.207401;
26.043458;
24.829632;
23.575371;
22.287463;
20.971131;
19.630486;
18.268811;
16.888833;
15.492973;
14.083299;
12.661712;
11.230051;
9.790206;
8.344239;
6.894591;
5.444556;
3.999167;
2.567775;
1.173790;
0.000000;
-2.560019;
-5.555996;
-8.610674;
-11.674121;
-14.723881;
-17.744677;
-20.722875;
-23.643696;
-26.488776;
-29.232361;
-31.834490;
-34.224052;
-36.246461;
-37.356207;
-38.003842;
-39.466279;
-41.214296;
-42.914030;
-44.366980;
-45.459135;
-46.131991;
-46.359363;
-46.228138;
-45.826088;
-45.140615;
-44.152951;
-42.835852;
-41.153167;
-39.038959;
-36.343550;
-35.200360;
-33.107017;
-30.626796;
-27.919799;
-25.060013;
-22.088357;
-19.030933;
-15.905978;
-12.727655;
-9.508677;
-6.263662;
-3.019646;
0.000000;
2.721542;
6.449699;
10.367841;
14.325578;
18.249009;
22.081865;
25.766553;
29.226305;
32.341061;
34.870486;
36.135215;
38.914955;
42.024628;
43.126458;
42.898249;
42.263220;
41.279545;
39.990816;
38.433382;
36.638608;
34.646606;
32.725476;
31.945720;
30.320536;
28.268250;
25.945631;
23.431321;
20.771296;
17.995727;
15.125663;
12.176505;
9.161322;
6.092350;
2.988165;
0.000000;
-5.311726;
-10.450986;
-15.432068;
-20.242197;
-24.854467;
-29.224283;
-33.279674;
-36.894791;
-39.804212;
-41.247460;
-41.806500;
-43.105427;
-44.431146;
-45.304784;
-45.593276;
-45.414416;
-44.889655;
-44.035296;
-42.863989;
-41.388584;
-39.623263;
-37.602461;
-35.668893;
-34.237123;
-31.680234;
-28.681988;
-25.428929;
-22.004767;
-18.456687;
-14.814950;
-11.102346;
-7.339994;
-3.559756;
0.000000;
2.184102;
5.223314;
8.461803;
11.783863;
15.139564;
18.499541;
21.841968;
25.147342;
28.395263;
31.561134;
34.612152;
37.498665;
40.134386;
42.336306;
43.506370;
44.568886;
46.633230;
48.541970;
49.902998;
50.674280;
50.916387;
50.823057;
50.536353;
50.043119;
49.327625;
48.370946;
47.149020;
45.630707;
43.778710;
41.746579;
40.888495;
39.121732;
36.905800;
34.407876;
31.711496;
28.865194;
25.900489;
22.839305;
19.697687;
16.488122;
13.220971;
9.906025;
6.554814;
3.188922;
0.000000;
-1.586684;
-3.355591;
-5.141392;
-6.925000;
-8.698419;
-10.456737;
-12.196219;
-13.913324;
-15.604529;
-17.265842;
-18.892729;
-20.479645;
-22.019584;
-23.503406;
-24.918817;
-26.248117;
-27.464852;
-28.524921;
-29.344938;
-29.721350;
-29.719919;
-29.715584;
-29.708194;
-29.697634;
-29.683734;
-29.666351;
-29.645326;
-29.620467;
-29.591596;
-29.558519;
-29.521014;
-29.478841;
-29.431768;
-29.379516;
-29.321838;
-29.258400;
-29.188915;
-29.113039;
-29.030433;
-28.940733;
-28.843584;
-28.738588;
-28.625413;
-28.503713;
-28.373173;
-28.233578;
-28.084784;
-27.926807;
-27.759858;
-27.584382;
-27.401156;
-27.211328;
-27.016433;
-26.818415;
-26.619562;
-26.422406;
-26.229565;
-26.043563;
-25.866665;
-25.700730;
-25.547155;
-25.406848;
-25.280264;
-25.167513;
-25.068358;
-24.982398;
-24.909064;
-24.847695;
-24.797605;
-24.758085;
-24.728464;
-24.708052;
-24.696239;
-24.692416;
-24.703851;
-24.739608;
-24.802558;
-24.895875;
-25.023496;
-25.189972;
-25.400583;
-25.661853;
-25.981269;
-26.367672;
-26.830951;
-27.381114;
-28.026430;
-28.769286;
-29.599958;
-30.490144;
-31.393716;
-32.258899;
-33.045257;
-33.732203;
-34.316140;
-34.803396;
-35.204300;
-35.529758;
-35.790019;
-35.993927;
-36.149063;
-36.261758;
-36.337145;
-36.379669;
-36.393205;
-35.954022;
-34.846022;
-33.268701;
-31.336185;
-29.124560;
-26.685049;
-24.054986;
-21.263924;
-18.335338;
-15.289554;
-12.146973;
-8.933143;
-5.698750;
-2.834870;
3.887518;
8.807591;
13.898992;
19.022367;
24.106549;
29.091852;
33.906398;
38.432308;
42.414007;
44.803376;
45.978911;
48.186566;
50.009126;
50.703176;
50.502775;
49.931142;
49.022332;
47.806413;
46.310799;
44.562001;
42.592080;
40.464809;
38.616969;
37.568864;
35.519729;
33.014817;
30.232429;
27.256703;
24.135581;
20.899583;
17.569296;
14.159478;
10.680965;
7.143139;
3.556470;
0.000000;
-2.765227;
-5.776094;
-8.787420;
-11.767803;
-14.699345;
-17.565687;
-20.347425;
-23.017985;
-25.536232;
-27.829722;
-29.743932;
-30.762246;
-31.623467;
-33.108419;
-34.699883;
-36.230483;
-37.611237;
-38.779619;
-39.681970;
-40.265795;
-40.474953;
-40.357963;
-39.988882;
-39.330714;
-38.327446;
-36.882785;
-34.722841;
-33.502198;
-31.302946;
-28.712239;
-25.893290;
-22.919408;
-19.830825;
-16.652706;
-13.402081;
-10.091686;
-6.731921;
-3.336030;
0.000000;
2.160334;
5.072951;
8.147384;
11.283043;
14.434806;
17.572891;
20.670911;
23.699110;
26.616101;
29.350735;
31.745535;
33.164582;
36.520980;
39.039149;
39.693902;
39.413447;
38.674590;
37.580610;
36.197754;
34.569871;
32.726264;
30.685360;
28.489880;
27.394472;
25.620398;
23.616449;
21.483771;
19.264886;
16.982858;
14.651674;
12.280305;
9.875028;
7.440277;
4.979351;
2.494641;
0.000000;
-2.518082;
-5.787187;
-9.181376;
-12.597499;
-15.986359;
-19.312695;
-22.541461;
-25.631337;
-28.522983;
-31.119010;
-33.222307;
-34.271786;
-35.233324;
-36.709768;
-38.022770;
-39.000818;
-39.594163;
-39.791709;
-39.573366;
-38.913268;
-37.790618;
-36.156490;
-33.864727;
-32.722533;
-30.500796;
-27.792842;
-24.788203;
-21.577574;
-18.211735;
-14.722919;
-11.133081;
-7.458809;
-3.716047;
0.000000;
3.465940;
7.504513;
11.601389;
15.683918;
19.713907;
23.658220;
27.478219;
31.118373;
34.482537;
37.358739;
38.974400;
39.348296;
40.362817;
41.613561;
42.650004;
43.268695;
43.463375;
43.238179;
42.586474;
41.538038;
40.109944;
38.309528;
36.123523;
33.464960;
32.506358;
30.598243;
28.246094;
25.618773;
22.798026;
19.830026;
16.743790;
13.558468;
10.286779;
6.936790;
3.511307;
0.000000;
-2.823390;
-6.177896;
-9.605629;
-13.040066;
-16.446180;
-19.793273;
-23.042484;
-26.129084;
-28.905626;
-30.682572;
-31.655517;
-33.185664;
-34.804431;
-36.385263;
-37.856099;
-39.156702;
-40.220830;
-40.961592;
-41.250523;
-41.095703;
-40.630845;
-39.857411;
-38.776690;
-37.398259;
-35.767138;
-34.312913;
-33.543157;
-31.957293;
-29.967756;
-27.724985;
-25.304105;
-22.748746;
-20.087600;
-17.340565;
-14.522539;
-11.645625;
-8.720841;
-5.760731;
-2.788472;
0.000000;
0.779835;
1.843234;
2.976103;
4.143251;
5.330402;
6.530025;
7.737501;
8.949618;
10.164009;
11.378763;
12.592252;
13.802987;
15.009567;
16.210563;
17.404454;
18.589623;
19.764154;
20.925822;
22.071917;
23.198974;
24.302343;
25.375734;
26.409748;
27.389481;
28.288089;
29.046911;
29.461002;
29.477302;
29.527466;
29.613727;
29.738535;
29.904085;
30.112693;
30.366688;
30.667850;
31.017709;
31.417037;
31.865694;
32.362102;
32.903260;
33.484202;
34.097989;
34.735952;
35.387881;
36.042780;
36.689613;
37.318064;
37.919186;
38.485771;
39.012483;
39.495895;
39.933990;
40.326214;
40.672866;
40.975028;
41.234266;
41.452397;
41.631365;
41.773399;
41.880455;
41.954572;
41.997745;
42.011772;
41.985080;
41.905468;
41.772905;
41.587746;
41.350587;
41.062157;
40.723734;
40.336472;
39.902388;
39.423787;
38.903457;
38.345166;
37.753300;
37.133389;
36.492224;
35.838089;
35.181183;
34.534010;
33.911926;
33.333853;
32.823106;
32.408573;
32.126008;
32.020113;
31.894785;
31.586550;
31.155451;
30.634539;
30.044233;
29.398123;
28.705892;
27.974697;
27.209977;
26.416058;
25.596320;
24.753582;
23.890168;
23.008056;
22.108924;
21.194191;
20.265053;
19.322668;
18.367955;
17.401769;
16.424908;
15.438056;
14.441826;
13.436836;
12.423638;
11.402741;
 10.374694;
 9.339995;
 8.299202;
 7.252912;
 6.201826;
 5.146845;
 4.089238;
 3.031042;
 1.976179;
 0.934892;
 0.000000;
 -1.112933;
 -2.291877;
 -3.479630;
 -4.670225;
 -5.861270;
 -7.051435;
 -8.239796;
 -9.425618;
 -10.608228;
 -11.786956;
 -12.961060;
 -14.129734;
 -15.291998;
 -16.446599;
 -17.591999;
 -18.726022;
 -19.845699;
 -20.946379;
 -22.020547;
 -23.053754;
 -24.010213;
 -24.686645;
 -24.685903;
 -24.683685;
 -24.679959;
 -24.674718;
 -24.667930;
 -24.659590;
 -24.649669;
 -24.638146;
 -24.625007;
 -24.610230;
 -24.593793;
 -24.575673;
 -24.555850;
 -24.534300;
 -24.511005;
 -24.485941;
 -24.459073;
 -24.430393;
 -24.399869;
 -24.367478;
 -24.333193;
 -24.296994;
 -24.258852;
 -24.218737;
 -24.176627;
 -24.132497;
 -24.086315;
 -24.038054;
 -23.987694;
 -23.935201;
 -23.880549;
 -23.823709;
 -23.764657;
 -23.703364;
 -23.639802;
 -23.573945;
 -23.505771;
 -23.435248;
 -23.362361;
 -23.287077;
 -23.209384;
 -23.129262;
 -23.046695;
 -22.961665;
 -22.874172;
 -22.784209;
 -22.691774;
 -22.596877;
 -22.499541;
 -22.399783;
 -22.297649;
 -22.193190;
 -22.086474;
 -21.977595;
 -21.866671;
 -21.753845;
 -21.639308;
 -21.523292;
 -21.406086;
 -21.288055;
 -21.169650;
 -21.051437;
 -20.934122;
 -20.818596;
 -20.705981;
 -20.597706;
 -20.495597;
 -20.402015;
 -20.320025;
 -20.253666;
 -20.208310;
 -20.191176;
 -20.224330;
 -20.323584;
 -20.488317;
 -20.717322;
 -21.008583;
 -21.359098;
 -21.764819;
 -22.220751;
 -22.720829;
 -23.258008;
 -23.824198;
 -24.410588;
 -25.007775;
 -25.606015;
 -26.195490;
 -26.766588;
 -27.310168;
 -27.817795;
 -28.281941;
 -28.696098;
 -29.054650;
 -29.353271;
 -29.588575;
 -29.758164;
 -29.860367;
 -29.894594;
 -29.470597;
 -28.395986;
 -26.857308;
 -24.966675;
 -22.796047;
 -20.395382;
 -17.802479;
 -15.045963;
 -12.149222;
 -9.134073;
 -6.024938;
 -2.866129;
 0.000000;
 1.484628;
 3.400111;
 5.405858;
 7.450460;
 9.512849;
 11.581343;
 13.648058;
 15.706826;
 17.752158;
 19.778563;
 21.780076;
 23.749738;
 25.678733;
 27.555264;
 29.361986;
 31.072076;
 32.637600;
 33.954532;
 34.666179;
 34.999880;
 35.502757;
 36.049994;
 36.616244;
 37.190733;
 37.767441;
 38.342362;
 38.912450;
 39.475141;
 40.028056;
 40.568827;
 41.094852;
 41.603334;
 42.090952;
 42.553530;
 42.986010;
 43.381443;
 43.730279;
 44.018673;
 44.224393;
 44.307544;
 44.232647;
 44.039092;
 43.757672;
 43.407741;
 43.002312;
 42.550604;
 42.059403;
 41.533917;
 40.978206;
 40.395488;
 39.788341;
 39.158856;
 38.508749;
 37.839439;
 37.152027;
 36.447351;
 35.725987;
 34.988192;
 34.233750;
 33.461573;
 32.666898;
 32.382599;
 31.705833;
 30.780439;
 29.679461;
 28.445863;
 27.107855;
 25.684449;
 24.190123;
 22.635551;
 21.029147;
 19.377713;
 17.686899;
 15.961557;
 14.206018;
 12.424351;
 10.620456;
 8.798731;
 6.964378;
 5.124895;
 3.293407;
 1.502329;
 0.000000;
 -2.947103;
 -6.396136;
 -9.903005;
 -13.406415;
 -16.876003;
 -20.288325;
 -23.618586;
 -26.834979;
 -29.889804;
 -32.699437;
 -35.082523;
 -36.395837;
 -38.519767;
 -39.799438;
 -40.176569;
 -40.086318;
 -39.831543;
 -39.432974;
 -38.908265;
 -38.274452;
 -37.548635;
 -36.750777;
 -35.910726;
 -35.089438;
 -34.543087;
 -34.044563;
 -32.931165;
 -31.469772;
 -29.775817;
 -27.912679;
 -25.918887;
 -23.820432;
 -21.635639;
 -19.378177;
 -17.058663;
 -14.685766;
 -12.267032;
 -9.809277;
 -7.320188;
 -4.810417;
 -2.302954;
 0.000000;
 0.945466;
 2.481068;
 4.203965;
 6.021406;
 7.893272;
 9.797832;
 11.721121;
 13.653412;
 15.587267;
 17.516576;
 19.436013;
 21.340643;
 23.225614;
 25.085943;
 26.916373;
 28.711047;
 30.463266;
 32.165070;
 33.806598;
 35.375701;
 36.856270;
 38.226424;
 39.454283;
 40.491340;
 41.254148;
 41.576640;
 41.739722;
 42.100884;
 42.560001;
 43.068064;
 43.595770;
 44.122989;
 44.634378;
 45.117156;
 45.559659;
 45.950824;
 46.279060;
 46.532014;
 46.695946;
 46.754831;
 46.716645;
 46.606798;
 46.430491;
 46.192676;
 45.897560;
 45.548684;
 45.149389;
 44.702557;
 44.210568;
 43.675802;
 43.100196;
 42.485683;
 41.833866;
 41.146366;
 40.424646;
 39.670365;
 38.885735;
 38.074473;
 37.246612;
 36.501124;
 36.153364;
 35.398267;
 34.423384;
 33.305529;
 32.084517;
 30.784591;
 29.421589;
 28.006565;
 26.547660;
 25.050945;
 23.521303;
 21.962455;
 20.377444;
 18.768880;
 17.138742;
 15.488876;
 13.820776;
 12.135743;
 10.434845;
 8.719151;
 6.989586;
 5.247171;
 3.493292;
 1.731175;
 0.000000;
 -2.764201;
 -5.918853;
 -9.115846;
 -12.308343;
 -15.471953;
 -18.586133;
 -21.626719;
 -24.558475;
 -27.319663;
 -29.767576;
 -31.276259;
 -34.689325;
 -37.298268;
 -39.327950;
 -40.854640;
 -41.919750;
 -42.545853;
 -42.753142;
 -42.622803;
 -42.237005;
 -41.599598;
 -40.718292;
 -39.613074;
 -38.519569;
 -37.729424;
 -36.108002;
 -34.077217;
 -31.789726;
 -29.320845;
 -26.714662;
 -23.999387;
 -21.194414;
 -18.313662;
 -15.367590;
 -12.364535;
 -9.311167;
 -6.213912;
 -3.082116;
 0.000000;
 3.766174;
 8.577412;
 13.500040;
 18.370473;
 23.096707;
 27.595602;
 31.761935;
 35.438351;
 38.328010;
 39.686865;
 40.592878;
 42.677542;
 44.409465;
 44.995128;
 44.837129;
 44.357738;
 43.538851;
 42.351592;
 40.743199;
 38.551809;
 37.142517;
 34.644555;
 31.724986;
 28.562287;
 25.235635;
 21.789468;
 18.251802;
 14.642237;
 10.976161;
 7.269189;
 3.545588;
 0.000000;
 -2.606737;
 -5.905646;
 -9.312973;
 -12.736801;
 -16.133255;
 -19.470424;
 -22.716723;
 -25.833023;
 -28.764499;
 -31.416433;
 -33.597684;
 -34.718063;
 -36.120139;
 -38.390578;
 -40.550407;
 -42.358503;
 -43.753079;
 -44.728126;
 -45.298226;
 -45.483388;
 -45.345710;
 -44.935158;
 -44.247445;
 -43.278469;
 -42.016413;
 -40.442870;
 -38.518267;
 -36.119506;
 -34.891147;
 -32.523519;
 -29.648840;
 -26.464984;
 -23.065700;
 -19.502706;
 -15.807933;
 -12.002110;
 -8.097596;
 -4.100487;
 0.000000;
 2.059739;
 4.812250;
 7.713626;
 10.674288;
 13.656235;
 16.636718;
 19.598652;
 22.526460;
 25.403583;
 28.209747;
 30.917572;
 33.485214;
 35.839240;
 37.821824;
 38.894612;
 40.957514;
 43.135097;
 43.800548;
 43.583184;
 43.020510;
 42.203054;
 41.190722;
 40.026247;
 38.743060;
 37.370805;
 35.940411;
 34.493530;
 33.112653;
 32.171870;
 31.199167;
 29.481658;
 27.476138;
 25.303341;
 23.017424;
 20.647703;
 18.212226;
 15.722855;
 13.188107;
 10.613886;
 8.004445;
 5.362817;
 2.690989;
 0.000000;
 -1.189035;
 -2.724809;
 -4.335044;
 -5.978623;
 -7.638970;
 -9.307066;
 -10.977036;
 -12.644507;
 -14.305817;
 -15.957601;
 -17.596479;
 -19.218697;
 -20.820054;
 -22.395346;
 -23.937855;
 -25.438409;
 -26.883610;
 -28.252286;
 -29.506534;
 -30.563876;
 -31.138582;
 -31.137039;
 -31.132392;
 -31.124563;
 -31.113473;
 -31.099042;
 -31.081191;
 -31.059843;
 -31.034918;
 -31.006303;
 -30.973945;
 -30.937719;
 -30.897556;
 -30.853353;
 -30.805012;
 -30.752433;
 -30.695522;
 -30.634174;
 -30.568285;
 -30.497757;
 -30.422494;
 -30.342395;
 -30.257366;
 -30.167324;
 -30.072163;
 -29.971828;
 -29.866248;
 -29.755371;
 -29.639167;
 -29.517605;
 -29.390713;
 -29.258532;
 -29.121141;
 -28.978665;
 -28.831288;
 -28.679259;
 -28.522890;
 -28.362602;
 -28.198900;
 -28.032409;
 -27.863878;
 -27.694202;
 -27.524418;
 -27.355724;
 -27.189471;
 -27.027157;
 -26.870422;
 -26.721003;
 -26.580721;
 -26.451410;
 -26.334881;
 -26.232859;
 -26.146934;
 -26.078484;
 -26.028657;
 -25.998341;
 -25.988138;
 -25.992822;
 -26.007530;
 -26.033652;
 -26.072583;
 -26.126338;
 -26.197232;
 -26.288224;
 -26.403149;
 -26.547066;
 -26.726677;
 -26.951217;
 -27.233702;
 -27.591848;
 -28.048692;
 -28.624815;
 -29.307514;
 -30.011274;
 -30.628894;
 -31.121451;
 -31.503200;
 -31.799201;
 -32.030267;
 -32.211438;
 -32.353584;
 -32.464433;
 -32.549641;
 -32.613582;
 -32.659448;
 -32.689917;
 -32.707001;
 -32.712413;
 -32.133418;
 -30.692083;
 -28.656036;
 -26.176453;
 -23.349702;
 -20.240169;
 -16.896499;
 -13.355805;
 -9.654174;
 -5.841501;
 -2.273311;
 3.760085;
 8.382295;
 13.099644;
 17.783696;
 22.355842;
 26.733610;
 30.790344;
 34.262717;
 36.207098;
 36.825840;
 39.059706;
 40.444875;
 40.752600;
 40.586508;
 40.100568;
 39.311031;
 38.228294;
 36.857656;
 35.201993;
 33.365112;
 32.463665;
 30.584019;
 28.211589;
 25.528913;
 22.629795;
 19.569267;
 16.384725;
 13.104923;
 9.754726;
 6.362868;
 2.982262;
 0.000000;
 -2.621492;
 -6.246586;
 -10.090121;
 -14.010815;
 -17.943934;
 -21.846111;
 -25.678011;
 -29.395103;
 -32.935355;
 -36.195379;
 -38.953859;
 -40.457466;
 -41.473979;
 -42.990025;
 -43.767103;
 -43.977537;
 -43.845412;
 -43.464962;
 -42.855910;
 -42.031765;
 -41.003142;
 -39.774700;
 -38.344969;
 -36.731565;
 -35.980529;
 -34.307458;
 -32.114188;
 -29.573895;
 -26.780636;
 -23.791965;
 -20.646409;
 -17.371711;
 -13.988697;
 -10.515862;
 -6.971409;
 -3.385461;
 0.000000;
 2.896027;
 6.188404;
 9.523698;
 12.853525;
 16.151213;
 19.391836;
 22.542292;
 25.546017;
 28.270938;
 30.065274;
 30.450982;
 31.543507;
 32.558957;
 33.164186;
 33.457836;
 33.540925;
 33.382073;
 32.929903;
 32.211044;
 31.248383;
 30.061899;
 28.669434;
 27.097359;
 25.561060;
 24.750086;
 23.118291;
 21.095308;
 18.830195;
 16.394857;
 13.831848;
 11.168373;
 8.424017;
 5.614968;
 2.761104;
 0.000000;
 -3.252160;
 -7.211350;
 -11.267712;
 -15.329724;
 -19.351336;
 -23.295454;
 -27.120772;
 -30.768682;
 -34.141159;
 -37.023127;
 -38.636952;
 -40.804875;
 -42.965472;
 -44.604145;
 -45.731664;
 -46.382311;
 -46.593372;
 -46.396381;
 -45.813717;
 -44.848351;
 -43.497560;
 -41.748386;
 -39.564600;
 -36.816156;
 -35.411999;
 -32.863675;
 -29.853596;
 -26.570487;
 -23.100209;
 -19.489146;
 -15.765486;
 -11.947349;
 -8.046033;
 -4.066365;
 0.000000;
 2.450886;
 5.768644;
 9.276837;
 12.859150;
 16.462087;
 20.049058;
 23.585225;
 27.026829;
 30.300761;
 33.244719;
 35.116916;
 37.152614;
 40.621914;
 43.154000;
 44.024765;
 43.878641;
 43.446399;
 42.732788;
 41.741875;
 40.475872;
 38.937969;
 37.130273;
 35.068675;
 33.037082;
 31.737127;
 29.397262;
 26.644293;
 23.650900;
 20.494691;
 17.219204;
 13.852145;
 10.413122;
 6.919469;
 3.393673;
 0.000000;
 -2.634112;
 -5.635760;
 -8.677161;
 -11.716582;
 -14.734628;
 -17.717703;
 -20.652983;
 -23.526117;
 -26.318763;
 -29.005082;
 -31.544792;
 -33.866792;
 -35.816388;
 -36.867122;
 -38.570178;
 -40.495347;
 -42.010037;
 -43.070718;
 -43.690854;
 -43.892140;
 -43.649815;
 -42.999452;
 -42.023166;
 -40.779269;
 -39.314297;
 -37.678807;
 -36.125889;
 -35.048356;
 -33.045693;
 -30.653631;
 -28.030372;
 -25.248064;
 -22.346517;
 -19.350528;
 -16.276346;
 -13.135065;
 -9.934491;
 -6.679086;
 -3.370298;
 0.000000;
 1.168185;
 2.536323;
 3.933532;
 5.338568;
 6.742995;
 8.142227;
 9.533201;
 10.913584;
 12.281377;
 13.634692;
 14.971677;
 16.290366;
 17.588629;
 18.864011;
 20.113772;
 21.334690;
 22.522861;
 23.673494;
 24.780610;
 25.836556;
 26.830902;
 27.749702;
 28.572150;
 29.266655;
 29.777607;
 29.994394;
 30.007705;
 30.048447;
 30.117745;
 30.216771;
 30.346769;
 30.508981;
 30.704519;
 30.934369;
 31.199566;
 31.500869;
 31.838737;
 32.213282;
 32.624212;
 33.070606;
 33.550901;
 34.062589;
 34.602255;
 35.165438;
 35.746545;
 36.338972;
 36.935182;
 37.526970;
 38.105805;
 38.663193;
 39.191049;
 39.682163;
 40.130374;
 40.530792;
 40.879700;
 41.174885;
 41.415094;
 41.600159;
 41.730538;
 41.807544;
 41.832850;
 41.738210;
 41.544276;
 41.301819;
 41.028968;
 40.734782;
 40.424509;
 40.101525;
 39.768145;
 39.426056;
 39.076511;
 38.720485;
 38.358721;
 37.991873;
 37.620410;
 37.244776;
 36.865309;
 36.482305;
 36.096017;
 35.706654;
 35.314395;
 34.919396;
 34.521785;
 34.121661;
 33.719107;
 33.314174;
 32.906891;
 32.497238;
 32.085131;
 31.670350;
 31.252090;
 31.036254;
 30.533023;
 29.854841;
 29.055728;
 28.166631;
 27.207240;
 26.190916;
 25.127493;
 24.024054;
 22.886342;
 21.718814;
 20.525047;
 19.308118;
 18.070610;
 16.814737;
 15.542451;
 14.255514;
 12.955608;
 11.644320;
 10.323297;
 8.994245;
 7.659148;
 6.320452;
 4.981540;
 3.647730;
 2.328950;
 1.050361;
 0.000000;
 -3.022012;
 -6.752085;
 -10.594488;
 -14.460591;
 -18.308739;
 -22.108961;
 -25.831855;
 -29.441529;
 -32.884676;
 -36.071041;
 -38.799059;
 -40.333937;
 -40.673048;
 -41.668542;
 -42.786101;
 -43.597247;
 -44.089540;
 -44.340720;
 -44.414325;
 -44.212801;
 -43.646773;
 -42.767566;
 -41.625407;
 -40.295608;
 -39.150329;
 -38.272881;
 -36.536038;
 -34.401140;
 -32.023178;
 -29.475946;
 -26.802166;
 -24.028963;
 -21.175002;
 -18.253811;
 -15.275807;
 -12.249716;
 -9.183466;
 -6.086138;
 -2.974640;
 0.000000;
 3.388600;
 7.414562;
 11.553297;
 15.732061;
 19.915149;
 24.072832;
 28.165057;
 32.104615;
 35.291669;
 36.518391;
 39.017994;
 41.357038;
 42.856909;
 43.352713;
 43.078686;
 42.263101;
 40.910848;
 39.038237;
 36.681527;
 33.962164;
 31.727837;
 30.722861;
 28.814739;
 26.514167;
 23.977828;
 21.278699;
 18.457370;
 15.539300;
 12.541519;
 9.476083;
 6.351936;
 3.177135;
 0.000000;
 -2.296337;
 -5.234000;
 -8.294068;
 -11.397100;
 -14.508465;
 -17.606587;
 -20.673950;
 -23.693128;
 -26.643738;
 -29.498109;
 -32.214836;
 -34.720330;
 -36.853488;
 -38.038185;
 -40.534533;
 -43.499987;
 -45.812554;
 -47.263766;
 -47.762815;
 -47.675270;
 -47.397861;
 -46.898942;
 -46.138791;
 -45.064014;
 -43.607981;
 -41.721067;
 -40.002927;
 -39.144530;
 -37.405779;
 -35.244979;
 -32.822414;
 -30.216600;
 -27.473831;
 -24.623538;
 -21.686201;
 -18.676950;
 -15.607770;
 -12.489124;
 -9.331095;
 -6.146638;
 -2.961648;
 0.000000;
 0.874528;
 2.349872;
 4.036104;
 5.837005;
 7.710757;
 9.634443;
 11.593412;
 13.577654;
 15.579548;
 17.592997;
 19.612727;
 21.633854;
 23.651517;
 25.660555;
 27.655074;
 29.627734;
 31.569018;
 33.465045;
 35.293967;
 37.015632;
 38.537540;
 39.463083;
 39.537525;
 39.728914;
 40.002667;
 40.335277;
 40.709871;
 41.113738;
 41.536984;
 41.971684;
 42.411268;
 42.850213;
 43.283751;
 43.707689;
 44.118287;
 44.512097;
 44.886014;
 45.236993;
 45.562280;
 45.859152;
 46.124960;
 46.357103;
 46.553004;
 46.710050;
 46.825532;
 46.896880;
 46.921364;
 46.873780;
 46.722561;
 46.448619;
 46.027823;
 45.426324;
 44.595522;
 43.461434;
 41.911720;
 39.832539;
 38.175309;
 37.772745;
 36.901189;
 35.777239;
 34.489211;
 33.082635;
 31.585443;
 30.015584;
 28.385803;
 26.705231;
 24.980753;
 23.217903;
 21.420757;
 19.592783;
 17.736750;
 15.854836;
 13.948824;
 12.020192;
 10.070039;
 8.099134;
 6.107759;
 4.095761;
 2.061782;
 0.000000;
 -3.003176;
 -6.471101;
 -9.984038;
 -13.486845;
 -16.953490;
 -20.365524;
 -23.705188;
 -26.952581;
 -30.082522;
 -33.059414;
 -35.830488;
 -38.303150;
 -40.293282;
 -41.275465;
 -43.235641;
 -45.293235;
 -46.841411;
 -47.798298;
 -48.125163;
 -48.006680;
 -47.635853;
 -46.983051;
 -46.016997;
 -44.703613;
 -43.023721;
 -41.046067;
 -39.546949;
 -38.719095;
 -37.077576;
 -35.058830;
 -32.809969;
 -30.401861;
 -27.875409;
 -25.256787;
 -22.564291;
 -19.811408;
 -17.008740;
 -14.165343;
 -11.289784;
 -8.391700;
 -5.485097;
 -2.600942;
 0.000000;
 1.351217;
 2.977209;
 4.657618;
 6.363338;
 8.082654;
 9.809276;
 11.539108;
 13.269076;
 14.996600;
 16.719212;
 18.434370;
 20.139114;
 21.829824;
 23.501536;
 25.147074;
 26.754717;
 28.302238;
 29.735476;
 30.746929;
 30.976628;
 31.456158;
 32.055110;
 32.722112;
 33.429866;
 34.161410;
 34.904645;
 35.650166;
 36.389859;
 37.116145;
 37.821340;
 38.497064;
 39.133568;
 39.718854;
 40.236888;
 40.665403;
 40.969932;
 41.092108;
 41.036493;
 40.881696;
 40.641772;
 40.327761;
 39.948341;
 39.510301;
 39.018976;
 38.479068;
 37.894211;
 37.267407;
 36.600878;
 35.896596;
 35.155718;
 34.378805;
 33.565289;
 32.712777;
 31.810788;
 31.555210;
 30.951506;
 30.131156;
 29.159056;
 28.073064;
 26.897664;
 25.649632;
 24.341219;
 22.981691;
 21.578228;
 20.136611;
 18.661598;
 17.157190;
 15.626908;
 14.073900;
 12.501092;
 10.911435;
 9.307907;
 7.694047;
 6.074388;
 4.455685;
 2.850194;
 1.288577;
 0.000000;
 -2.722932;
 -5.961448;
 -9.252597;
 -12.530955;
 -15.764807;
 -18.930725;
 -22.005304;
 -24.960734;
 -27.760432;
 -30.350026;
 -32.638251;
 -34.448654;
 -35.311965;
 -36.095901;
 -37.731727;
 -39.593889;
 -41.340753;
 -42.756646;
 -43.688619;
 -44.022262;
 -43.769751;
 -43.046397;
 -41.887735;
 -40.321613;
 -38.368968;
 -36.190168;
 -35.253109;
 -33.364794;
 -31.023012;
 -28.400554;
 -25.583123;
 -22.619532;
 -19.541848;
 -16.372716;
 -13.129380;
 -9.827288;
 -6.483225;
 -3.126938;
 0.000000;
 2.700409;
 6.364073;
 10.247493;
 14.223595;
 18.235618;
 22.245831;
 26.219948;
 30.116141;
 33.865404;
 37.312434;
 39.656590;
 40.075195;
 41.123167;
 42.330731;
 43.227835;
 43.550004;
 43.359402;
 42.791245;
 41.849823;
 40.536987;
 38.855405;
 36.824347;
 34.780530;
 33.777986;
 31.870947;
 29.571821;
 27.036793;
 24.339931;
 21.522245;
 18.609725;
 15.620000;
 12.565908;
 9.457593;
 6.304158;
 3.118078;
 0.000000;
 -1.934085;
 -4.466019;
 -7.126143;
 -9.840077;
 -12.575845;
 -15.313803;
 -18.038354;
 -20.733892;
 -23.381343;
 -25.952872;
 -28.399144;
 -30.604914;
 -32.026514;
 -34.270577;
 -36.858071;
 -38.698637;
 -39.872040;
 -40.504966;
 -40.698736;
 -40.526295;
 -39.983936;
 -39.026314;
 -37.580279;
 -35.523535;
 -32.513920;
 -31.419929;
 -29.502774;
 -27.270906;
 -24.858093;
 -22.322905;
 -19.697616;
 -17.002303;
 -14.250327;
 -11.451268;
 -8.612706;
 -5.741260;
 -2.846043;
 0.000000;
 2.672093;
 6.381915;
 10.314995;
 14.320696;
 18.327499;
 22.283930;
 26.138827;
 29.825714;
 33.236861;
 36.145776;
 37.756709;
 39.043730;
 41.008266;
 42.690015;
 43.891609;
 44.592398;
 44.818898;
 44.523672;
 43.675466;
 42.313085;
 40.455786;
 38.098944;
 35.143988;
 32.875628;
 29.690356;
 26.254387;
 22.682851;
 19.022103;
 15.296449;
 11.520206;
 7.703011;
 3.852298;
 0.000000;
 -2.632233;
 -6.065815;
 -9.640154;
 -13.247918;
 -16.839838;
 -20.382437;
 -23.845963;
 -27.197726;
 -30.395400;
 -33.378088;
 -36.043024;
 -38.187509;
 -39.243024;
 -39.585484;
 -40.266335;
 -41.061708;
 -41.877673;
 -42.660123;
 -43.370941;
 -43.978088;
 -44.452212;
 -44.762454;
 -44.874539;
 -44.383880;
 -42.900956;
 -40.358219;
 -36.469036;
 -35.037559;
 -32.481056;
 -29.480972;
 -26.220920;
 -22.782902;
 -19.211495;
 -15.533642;
 -11.766582;
 -7.920835;
 -4.001292;
 0.000000;
 2.218076;
 5.168855;
 8.282230;
 11.464315;
 14.673369;
 17.881815;
 21.064638;
 24.191243;
 27.211718;
 30.011003;
 31.967621;
 32.465592;
 33.803657;
 35.500227;
 37.040519;
 38.157505;
 38.796375;
 38.996061;
 38.795672;
 38.194863;
 37.182078;
 35.740025;
 33.835861;
 31.477945;
 30.239297;
 28.006889;
 25.379191;
 22.521641;
 19.508683;
 16.382257;
 13.169236;
 9.888881;
 6.558839;
 3.203115;
 0.000000;
 -2.974953;
 -6.045773;
 -9.093535;
 -12.101777;
 -15.058257;
 -17.948397;
 -20.751698;
 -23.435422;
 -25.939971;
 -28.127961;
 -29.428945;
 -30.708123;
 -33.427859;
 -36.546945;
 -39.534678;
 -42.124689;
 -44.187912;
 -45.670031;
 -46.554100;
 -46.846854;
 -46.582606;
 -45.787869;
 -44.448368;
 -42.519782;
 -39.880605;
 -38.826449;
 -36.621154;
 -33.831726;
 -30.672043;
 -27.250438;
 -23.631743;
 -19.858554;
 -15.961910;
 -11.967145;
 -7.900348;
 -3.803758;
 0.000000;
 1.082619;
 2.641476;
 4.327258;
 6.075928;
 7.861319;
 9.669185;
 11.490663;
 13.319530;
 15.150929;
 16.980823;
 18.805549;
 20.621528;
 22.425097;
 24.212198;
 25.978099;
 27.717000;
 29.421489;
 31.081328;
 32.681819;
 34.199433;
 35.592277;
 36.768694;
 37.410434;
 37.447506;
 37.559634;
 37.747713;
 38.010008;
 38.342019;
 38.735606;
 39.178056;
 39.652499;
 40.138338;
 40.612867;
 41.053368;
 41.439265;
 41.753782;
 41.984943;
 42.125560;
 42.172574;
 42.052402;
 41.734056;
 41.265626;
 40.680868;
 40.006587;
 39.265336;
 38.477909;
 37.666320;
 36.857258;
 36.089957;
 35.436865;
 35.098089;
 34.758846;
 34.044864;
 33.139488;
 32.112457;
 30.999300;
 29.821157;
 28.591574;
 27.320080;
 26.013509;
 24.677114;
 23.315014;
 21.930499;
 20.526145;
 19.104288;
 17.666818;
 16.215383;
 14.751534;
 13.276650;
 11.792076;
 10.299193;
 8.799460;
 7.294667;
 5.787144;
 4.280464;
 2.781236;
 1.306230;
 0.000000;
 -2.611710;
 -5.798860;
 -9.061173;
 -12.326413;
 -15.561465;
 -18.743749;
 -21.852675;
 -24.866323;
 -27.757597;
 -30.489844;
 -33.008120;
 -35.222064;
 -36.958982;
 -37.774326;
 -38.258919;
 -39.226324;
 -40.362313;
 -41.537455;
 -42.679564;
 -43.739774;
 -44.680490;
 -45.468563;
 -46.072853;
 -46.461314;
 -46.599412;
 -46.361652;
 -45.677897;
 -44.583751;
 -43.113597;
 -41.304127;
 -39.202827;
 -36.910441;
 -35.026745;
 -33.763352;
 -31.523732;
 -28.903901;
 -26.063296;
 -23.072693;
 -19.970891;
 -16.781812;
 -13.521262;
 -10.200542;
 -6.827877;
 -3.411441;
 0.000000;
 1.101764;
 2.832774;
 4.751091;
 6.760749;
 8.820800;
 10.908684;
 13.009938;
 15.114114;
 17.212969;
 19.299330;
 21.366638;
 23.408353;
 25.417604;
 27.386812;
 29.307098;
 31.167885;
 32.955954;
 34.653704;
 36.236846;
 37.670350;
 38.898364;
 39.820935;
 40.223884;
 40.264228;
 40.390725;
 40.608055;
 40.907353;
 41.257275;
 41.602677;
 41.883076;
 42.058164;
 42.115782;
 42.039104;
 41.833828;
 41.526558;
 41.136231;
 40.676442;
 40.157742;
 39.588105;
 38.974271;
 38.321755;
 37.635223;
 36.918807;
 36.176433;
 35.411908;
 34.629315;
 33.833549;
 33.031507;
 32.235046;
 31.472361;
 30.909981;
 30.640788;
 30.015124;
 29.173539;
 28.182796;
 27.080803;
 25.891855;
 24.632033;
 23.313363;
 21.944596;
 20.532438;
 19.082258;
 17.598461;
 16.084611;
 14.543706;
 12.978342;
 11.390858;
 9.783376;
 8.157995;
 6.517002;
 4.863306;
 3.201654;
 1.543579;
 0.000000;
 -2.997090;
 -6.678226;
 -10.475424;
 -14.305658;
 -18.131048;
 -21.925108;
 -25.662681;
 -29.313532;
 -32.833270;
 -36.144342;
 -39.069312;
 -40.850873;
 -41.181481;
 -42.094030;
 -43.402373;
 -44.880161;
 -46.330723;
 -47.623285;
 -48.689682;
 -49.504794;
 -50.069295;
 -50.394851;
 -50.499673;
 -50.207185;
 -49.355222;
 -47.977313;
 -46.090156;
 -43.700980;
 -40.789100;
 -37.266212;
 -35.958590;
 -33.729760;
 -31.163290;
 -28.403715;
 -25.513585;
 -22.526840;
 -19.464360;
 -16.339602;
 -13.161598;
 -9.936650;
 -6.668478;
 -3.358358;
 0.000000;
 2.463468;
 5.611800;
 8.885043;
 12.193010;
 15.490995;
 18.743228;
 21.907881;
 24.917822;
 27.624661;
 29.347724;
 29.704594;
 30.871771;
 32.818603;
 34.994214;
 36.524903;
 37.023288;
 36.758648;
 36.065342;
 35.050256;
 33.784224;
 32.321122;
 30.711311;
 29.025629;
 27.625665;
 26.855453;
 25.303277;
 23.376580;
 21.216300;
 18.891283;
 16.440431;
 13.888268;
 11.251054;
 8.539758;
 5.761125;
 2.917510;
 0.000000;
 -2.966555;
 -6.230070;
 -9.491885;
 -12.711430;
 -15.863727;
 -18.924555;
 -21.862637;
 -24.631535;
 -27.149517;
 -29.243380;
 -30.350352;
 -30.941073;
 -32.262757;
 -33.609103;
 -34.681077;
 -35.445771;
 -35.940414;
 -36.210046;
 -36.293185;
 -36.172452;
 -35.801370;
 -35.165788;
 -34.255333;
 -33.073495;
 -31.688304;
 -30.622363;
 -29.727935;
 -27.933264;
 -25.714427;
 -23.235044;
 -20.575497;
 -17.783102;
 -14.889010;
 -11.916406;
 -8.885230;
 -5.817935;
 -2.754861;
 0.000000;
 1.252290;
 3.105907;
 5.127994;
 7.233525;
 9.385057;
 11.559005;
 13.734883;
 15.886659;
 17.960643;
 19.610338;
 20.613347;
 22.207294;
 23.699375;
 24.871794;
 25.619987;
 25.881106;
 25.917398;
 25.957587;
 25.998074;
 26.038478;
 26.078660;
 26.118546;
 26.158092;
 26.197264;
 26.236038;
 26.274389;
 26.312295;
 26.349736;
 26.386688;
 26.423131;
 26.459038;
 26.494384;
 26.529144;
 26.563285;
 26.596776;
 26.629579;
 26.661655;
 26.692961;
 26.723448;
 26.753062;
 26.781738;
 26.809408;
 26.835994;
 26.861403;
 26.885532;
 26.908257;
 26.929435;
 26.948889;
 26.966419;
 26.981767;
 26.994615;
 27.004562;
 27.011078;
 27.013457;
 27.005850;
 26.982729;
 26.943265;
 26.886719;
 26.812312;
 26.719114;
 26.606324;
 26.472935;
 26.318009;
 26.140516;
 25.939441;
 25.713603;
 25.462033;
 25.183639;
 24.877371;
 24.542272;
 24.177453;
 23.782190;
 23.356088;
 22.898890;
 22.410816;
 21.892599;
 21.345481;
 20.771430;
 20.173202;
 19.554291;
 18.919044;
 18.272517;
 17.620365;
 16.968619;
 16.323444;
 15.690863;
 15.076482;
 14.485298;
 13.921525;
 13.388515;
 12.888784;
 12.424010;
 11.995184;
 11.602554;
 11.246003;
 10.924930;
 10.638453;
 10.385481;
 10.164765;
 9.975010;
 9.814818;
 9.682840;
 9.577665;
 9.498065;
 9.442674;
 9.410285;
 9.399699;
 9.399699;
 9.399699;
 9.399699;
 9.399699;
 9.399699;
 9.399699;
 9.399699;
 9.399699;
 9.399699;
 9.399699;
 9.399699;
 9.399699;
 9.399699;
 9.399699;
 9.399699;
 9.399699;
 9.399699;
 9.399699;
 9.399699;
 9.399699;
 9.399699;
 9.399699;
 9.399699;
 9.399699;
 9.399699;
 9.399699;
 9.399699;
 9.399699;
 9.399699;
 9.399699;
 9.399699;
 9.399699;
 9.399699;
 9.399699;
 9.399699;
 9.399699;
 9.399699;
 9.399699;
 9.399699;
 9.399699;
 9.399699;
 9.399699;
 9.399699;
 9.399699;
 9.399699;
 9.399699;
 9.399699;
 9.399699;
 9.399699;
 9.399699;
 9.399699;
 9.399699;
 9.399699;
 9.399699;
 9.399699;
 9.399699;
 9.399699;
 9.399699;
 9.399699;
 9.399699;
 9.399699;
 9.399699;
 9.399699;
 9.399699;
 9.399699;
 9.399699;
 9.399699;
 9.399699;
 9.399699;
 9.399699;
 9.399699;
 9.399699;
 9.399699;
 9.399699;
 9.399699;
 9.399699;
 9.399699;
 9.399699;
 9.399699;
 9.399699;
 9.399699;
 9.399699;
 9.399699;
 9.399699;
 9.399699;
 9.399699;
 9.399699;
 9.399699;
 9.399699;
 9.399699;
 9.399699;
 9.399699;
 9.399699;
 9.399699;
 9.399699;
 9.399699;
 9.399699;
 9.399699;
 9.399699;
 9.399699;
 9.399699;
 9.399699;
 9.399699;
 9.399699;
 9.399699;
 9.399699;
 9.399699;
 9.399699;
 9.399699;
 9.399699;
 9.399699;
 9.399699;
 9.399699;
 9.399699;
 9.399699;
 9.399699;
 9.399699;
 9.399699;
 9.399699;
 9.399699;
 9.399699;
 9.399699;
 9.399699;
 9.399699;
 9.399699;
 9.399699;
 9.399699;
 9.399699;
 9.399699;
 9.399699;
 9.399699;
 9.399699;
 9.399699;
 9.399699;
 9.399699;
 9.399699;
 9.399699;
 9.399699;
 9.399699;
 9.399699;
 9.399699;
 9.399699;
 9.399699;
 9.399699;
 9.399699;
 9.399699;
 9.399699;
 9.399699;
 9.399699;
 9.399699;
 9.399699;
 9.399699;
 9.399699;
 9.399699;
 9.399699;
 9.399699;
 9.399699;
 9.399699;
 9.399699;
 9.399699;
 9.399699;
 9.399699;
 9.399699;
 9.399699;
 9.399699;
 9.399699;
 9.399699;
 9.399699;
 9.399699;
 9.399699;
 9.399699;
 9.399699;
 9.399699;
 9.399699;
 9.399699;
 9.399699;
 9.399699;
 9.399699;
 9.399699;
 9.399699;
 9.399699;
 9.399699;
 9.399699;
 9.399699;
 9.399699;
 9.399699;
 9.399699;
 9.399699;
 9.399699;
 9.399699;
 9.399699;
 9.399699;
 9.399699;
 9.399699;
 9.399699;
 9.399699;
 9.399699;
 9.399699;
 9.399699;
 9.399699;
 9.399699;
 9.399699;
 9.399699;
 9.399699;
 9.399699;
 9.399699;
 9.399699;
 9.399699;
 9.399699;
 0.000000;
