1.000000;
1.000000;
1.000000;
1.000000;
1.000000;
1.000000;
1.000000;
1.000000;
1.000000;
1.000000;
1.000000;
1.000000;
1.000000;
1.000000;
1.000000;
1.000000;
1.000000;
1.000000;
1.000000;
1.000000;
1.000000;
1.000000;
1.000000;
1.000000;
1.000000;
5.276231;
49.835578;
147.162140;
191.721487;
195.997718;
195.997718;
195.997718;
195.997718;
195.997718;
195.997718;
195.997718;
195.997718;
195.997718;
195.997718;
195.997718;
195.997718;
195.997718;
195.997718;
195.997718;
195.997718;
195.997718;
195.997718;
195.997718;
195.997718;
195.997718;
195.997718;
195.997718;
195.997718;
195.997718;
195.997718;
195.997718;
195.997718;
195.997718;
195.997718;
195.997718;
195.997718;
195.997718;
195.997718;
195.997718;
195.997718;
195.997718;
195.997718;
195.997718;
195.997718;
195.997718;
195.997718;
195.997718;
195.997718;
195.997718;
195.997718;
195.997718;
195.997718;
195.997718;
195.997718;
195.997718;
195.997718;
195.997718;
195.997718;
195.997718;
195.997718;
195.997718;
195.997718;
195.997718;
195.997718;
195.997718;
195.997718;
195.997718;
195.997718;
195.997718;
195.997718;
195.997718;
195.997718;
195.997718;
195.997718;
195.997718;
195.997718;
195.997718;
195.997718;
195.997718;
195.997718;
195.997718;
195.997718;
195.997718;
195.997718;
195.997718;
195.997718;
195.997718;
195.997718;
195.997718;
195.997718;
195.997718;
195.997718;
195.997718;
195.997718;
195.997718;
195.997718;
195.997718;
195.997718;
195.997718;
195.997718;
195.997718;
195.997718;
195.997718;
195.997718;
195.997718;
195.997718;
195.997718;
195.997718;
195.997718;
195.997718;
195.997718;
195.997718;
195.997718;
195.997718;
195.997718;
195.997718;
195.997718;
195.997718;
195.997718;
195.997718;
195.997718;
195.997718;
195.997718;
195.997718;
195.997718;
195.997718;
195.997718;
195.997718;
195.997718;
195.997718;
195.997718;
195.997718;
195.997718;
208.892199;
343.255777;
636.732813;
771.096391;
783.990872;
783.990872;
783.990872;
783.990872;
783.990872;
783.990872;
783.990872;
783.990872;
783.990872;
783.990872;
783.990872;
783.990872;
783.990872;
783.990872;
783.990872;
783.990872;
783.990872;
783.990872;
783.990872;
783.990872;
783.990872;
783.990872;
783.990872;
783.990872;
783.990872;
783.990872;
783.990872;
783.990872;
783.990872;
783.990872;
783.990872;
783.990872;
783.990872;
783.990872;
783.990872;
783.990872;
783.990872;
783.990872;
783.990872;
783.990872;
783.990872;
783.990872;
783.990872;
783.990872;
783.990872;
783.990872;
783.990872;
783.990872;
783.990872;
783.990872;
783.990872;
783.990872;
783.990872;
783.990872;
783.990872;
783.990872;
783.990872;
783.990872;
783.990872;
783.990872;
783.990872;
783.990872;
783.990872;
783.990872;
783.990872;
783.990872;
783.990872;
783.990872;
783.990872;
783.990872;
783.990872;
783.990872;
783.990872;
783.990872;
783.025923;
772.970926;
751.008792;
740.953794;
739.988845;
739.988845;
739.988845;
739.988845;
739.988845;
739.988845;
739.988845;
739.988845;
739.988845;
739.988845;
739.988845;
739.988845;
739.988845;
739.988845;
739.988845;
739.988845;
739.988845;
739.988845;
739.988845;
739.988845;
739.988845;
739.988845;
739.988845;
739.988845;
739.988845;
739.988845;
739.988845;
739.988845;
739.988845;
739.988845;
739.988845;
739.988845;
739.988845;
739.988845;
739.988845;
739.988845;
739.988845;
739.988845;
739.988845;
739.988845;
739.988845;
736.641081;
701.756574;
625.561807;
590.677300;
587.329536;
587.329536;
587.329536;
587.329536;
587.329536;
587.329536;
587.329536;
587.329536;
587.329536;
587.329536;
587.329536;
587.329536;
587.329536;
587.329536;
587.329536;
587.329536;
587.329536;
587.329536;
587.329536;
587.329536;
587.329536;
587.329536;
587.329536;
587.329536;
587.329536;
587.329536;
587.329536;
587.329536;
587.329536;
587.329536;
587.329536;
587.329536;
587.329536;
587.329536;
587.329536;
587.329536;
587.329536;
587.329536;
587.329536;
587.329536;
587.329536;
587.329536;
587.329536;
587.329536;
587.329536;
587.329536;
587.329536;
587.329536;
587.329536;
587.329536;
587.329536;
587.329536;
587.329536;
587.329536;
587.329536;
587.329536;
587.329536;
587.329536;
587.329536;
587.329536;
587.329536;
587.329536;
587.329536;
587.329536;
587.329536;
587.329536;
587.329536;
587.329536;
587.329536;
587.329536;
587.329536;
587.329536;
587.329536;
587.329536;
587.329536;
587.329536;
587.329536;
587.329536;
585.280293;
563.926693;
517.286144;
495.932544;
493.883301;
493.883301;
493.883301;
493.883301;
493.883301;
493.883301;
493.883301;
493.883301;
493.883301;
493.883301;
493.883301;
493.883301;
493.883301;
493.883301;
493.883301;
493.883301;
493.883301;
493.883301;
493.883301;
493.883301;
493.883301;
493.883301;
493.883301;
493.883301;
493.883301;
493.883301;
493.883301;
493.883301;
493.883301;
493.883301;
493.883301;
493.883301;
493.883301;
494.527327;
501.238233;
515.896199;
522.607105;
523.251131;
523.251131;
523.251131;
523.251131;
523.251131;
523.251131;
523.251131;
523.251131;
523.251131;
523.251131;
523.251131;
523.251131;
523.251131;
523.251131;
523.251131;
523.251131;
523.251131;
523.251131;
523.251131;
523.251131;
523.251131;
523.251131;
523.251131;
523.251131;
523.251131;
523.251131;
523.251131;
523.251131;
523.251131;
523.251131;
523.251131;
523.251131;
523.251131;
523.251131;
523.251131;
523.251131;
523.251131;
523.251131;
523.251131;
523.251131;
523.251131;
523.251131;
523.251131;
523.251131;
523.251131;
523.251131;
523.251131;
523.251131;
523.251131;
523.251131;
523.251131;
523.251131;
523.251131;
523.251131;
523.251131;
523.251131;
523.251131;
523.251131;
523.251131;
523.251131;
523.251131;
523.251131;
523.251131;
523.251131;
523.251131;
523.251131;
523.251131;
523.251131;
523.251131;
523.251131;
523.251131;
523.251131;
526.233650;
557.312212;
625.194033;
656.272595;
659.255114;
659.255114;
659.255114;
659.255114;
659.255114;
659.255114;
659.255114;
659.255114;
659.255114;
659.255114;
659.255114;
659.255114;
659.255114;
659.255114;
659.255114;
659.255114;
659.255114;
659.255114;
659.255114;
659.255114;
659.255114;
659.255114;
659.255114;
659.255114;
659.255114;
659.255114;
659.255114;
659.255114;
659.255114;
659.255114;
659.255114;
659.255114;
659.255114;
659.255114;
659.255114;
659.255114;
659.255114;
659.255114;
659.255114;
657.677811;
641.241943;
605.342706;
588.906838;
587.329536;
587.329536;
587.329536;
587.329536;
587.329536;
587.329536;
587.329536;
587.329536;
587.329536;
587.329536;
587.329536;
587.329536;
587.329536;
587.329536;
587.329536;
587.329536;
587.329536;
587.329536;
587.329536;
587.329536;
587.329536;
587.329536;
587.329536;
587.329536;
587.329536;
587.329536;
587.329536;
587.329536;
587.329536;
587.329536;
587.329536;
585.280293;
563.926693;
517.286144;
495.932544;
493.883301;
493.883301;
493.883301;
493.883301;
493.883301;
493.883301;
493.883301;
493.883301;
493.883301;
493.883301;
493.883301;
493.883301;
493.883301;
493.883301;
493.883301;
493.883301;
493.883301;
493.883301;
493.883301;
493.883301;
493.883301;
493.883301;
493.883301;
493.883301;
493.883301;
493.883301;
493.883301;
493.883301;
493.883301;
493.883301;
491.648937;
468.366322;
417.512416;
394.229801;
391.995436;
391.995436;
391.995436;
391.995436;
391.995436;
391.995436;
391.995436;
391.995436;
391.995436;
391.995436;
391.995436;
391.995436;
391.995436;
391.995436;
391.995436;
391.995436;
391.995436;
391.995436;
391.995436;
391.995436;
391.995436;
391.995436;
391.995436;
391.995436;
391.995436;
391.995436;
391.995436;
391.995436;
391.995436;
391.995436;
391.995436;
391.995436;
391.995436;
391.995436;
391.995436;
391.995436;
391.995436;
391.995436;
391.995436;
391.995436;
391.995436;
394.229801;
417.512416;
468.366322;
491.648937;
493.883301;
493.883301;
493.883301;
493.883301;
493.883301;
493.883301;
493.883301;
493.883301;
493.883301;
493.883301;
493.883301;
493.883301;
493.883301;
493.883301;
493.883301;
493.883301;
493.883301;
493.883301;
493.883301;
493.883301;
493.883301;
493.883301;
493.883301;
493.883301;
493.883301;
493.883301;
493.883301;
493.883301;
493.883301;
493.883301;
493.883301;
493.883301;
493.883301;
493.883301;
493.883301;
493.883301;
493.883301;
493.883301;
493.883301;
493.883301;
493.883301;
493.883301;
493.883301;
493.883301;
493.883301;
493.883301;
493.883301;
493.883301;
493.883301;
493.883301;
493.883301;
493.883301;
493.883301;
493.883301;
493.883301;
493.883301;
493.883301;
493.883301;
493.883301;
493.883301;
493.883301;
493.883301;
493.883301;
493.883301;
493.883301;
493.883301;
493.883301;
493.883301;
493.883301;
493.883301;
493.883301;
495.932544;
517.286144;
563.926693;
585.280293;
587.329536;
587.329536;
587.329536;
587.329536;
587.329536;
587.329536;
587.329536;
587.329536;
587.329536;
587.329536;
587.329536;
587.329536;
587.329536;
587.329536;
587.329536;
587.329536;
587.329536;
587.329536;
587.329536;
587.329536;
587.329536;
587.329536;
587.329536;
587.329536;
587.329536;
587.329536;
587.329536;
587.329536;
587.329536;
587.329536;
587.329536;
587.329536;
587.329536;
587.329536;
587.329536;
587.329536;
587.329536;
587.329536;
587.329536;
587.329536;
585.924319;
571.281625;
539.299041;
524.656347;
523.251131;
523.251131;
523.251131;
523.251131;
523.251131;
523.251131;
523.251131;
523.251131;
523.251131;
523.251131;
523.251131;
523.251131;
523.251131;
523.251131;
523.251131;
523.251131;
523.251131;
523.251131;
523.251131;
523.251131;
523.251131;
523.251131;
523.251131;
523.251131;
523.251131;
523.251131;
523.251131;
523.251131;
523.251131;
523.251131;
523.251131;
523.251131;
521.425463;
502.401568;
460.849562;
441.825668;
440.000000;
440.000000;
440.000000;
440.000000;
440.000000;
440.000000;
440.000000;
440.000000;
440.000000;
440.000000;
440.000000;
440.000000;
440.000000;
440.000000;
440.000000;
440.000000;
440.000000;
440.000000;
440.000000;
440.000000;
440.000000;
440.000000;
440.000000;
440.000000;
440.000000;
440.000000;
440.000000;
440.000000;
440.000000;
440.000000;
440.000000;
440.000000;
440.000000;
440.000000;
440.000000;
438.464803;
422.467678;
387.526745;
371.529620;
369.994423;
369.994423;
369.994423;
369.994423;
369.994423;
369.994423;
369.994423;
369.994423;
369.994423;
369.994423;
369.994423;
369.994423;
369.994423;
369.994423;
369.994423;
369.994423;
369.994423;
369.994423;
369.994423;
369.994423;
369.994423;
369.994423;
369.994423;
369.994423;
369.994423;
369.994423;
369.994423;
369.994423;
369.994423;
369.994423;
369.994423;
369.994423;
369.994423;
368.320540;
350.878287;
312.780903;
295.338650;
293.664768;
293.664768;
293.664768;
293.664768;
293.664768;
293.664768;
293.664768;
293.664768;
293.664768;
293.664768;
293.664768;
293.664768;
293.664768;
293.664768;
293.664768;
293.664768;
293.664768;
293.664768;
293.664768;
293.664768;
293.664768;
293.664768;
293.664768;
293.664768;
293.664768;
293.664768;
293.664768;
293.664768;
293.664768;
294.453419;
302.671353;
320.620972;
328.838906;
329.627557;
329.627557;
329.627557;
329.627557;
329.627557;
329.627557;
329.627557;
329.627557;
329.627557;
329.627557;
329.627557;
329.627557;
329.627557;
329.627557;
329.627557;
329.627557;
329.627557;
329.627557;
329.627557;
329.627557;
329.627557;
329.627557;
329.627557;
329.627557;
329.627557;
329.627557;
329.627557;
329.627557;
329.627557;
329.627557;
329.627557;
329.627557;
330.512788;
339.737107;
359.884873;
369.109192;
369.994423;
369.994423;
369.994423;
369.994423;
369.994423;
369.994423;
369.994423;
369.994423;
369.994423;
369.994423;
369.994423;
369.994423;
369.994423;
369.994423;
369.994423;
369.994423;
369.994423;
369.994423;
369.994423;
369.994423;
369.994423;
369.994423;
369.994423;
369.994423;
369.994423;
369.994423;
369.994423;
369.994423;
369.994423;
369.994423;
369.994423;
369.994423;
369.994423;
369.994423;
369.994423;
369.994423;
369.994423;
370.476897;
375.504396;
386.485463;
391.512962;
391.995436;
391.995436;
391.995436;
391.995436;
391.995436;
391.995436;
391.995436;
391.995436;
391.995436;
391.995436;
391.995436;
391.995436;
391.995436;
391.995436;
391.995436;
391.995436;
391.995436;
391.995436;
391.995436;
391.995436;
391.995436;
391.995436;
391.995436;
391.995436;
391.995436;
391.995436;
391.995436;
391.995436;
391.995436;
391.995436;
391.995436;
391.995436;
391.995436;
391.995436;
391.995436;
391.995436;
391.995436;
391.995436;
391.995436;
391.995436;
391.995436;
391.995436;
391.995436;
391.995436;
391.995436;
391.995436;
391.995436;
391.995436;
391.995436;
391.995436;
391.995436;
391.995436;
391.995436;
391.995436;
391.995436;
391.995436;
391.995436;
391.995436;
391.995436;
391.995436;
391.995436;
391.995436;
391.995436;
391.995436;
391.995436;
391.995436;
391.995436;
391.995436;
391.995436;
391.995436;
391.995436;
391.995436;
391.995436;
391.995436;
391.995436;
391.995436;
391.995436;
391.995436;
391.995436;
391.995436;
391.995436;
391.995436;
391.995436;
391.995436;
391.995436;
391.995436;
391.995436;
391.995436;
391.995436;
391.995436;
391.995436;
391.995436;
391.995436;
391.995436;
391.995436;
391.995436;
391.995436;
391.995436;
391.995436;
391.995436;
391.995436;
391.995436;
391.995436;
391.995436;
391.995436;
391.995436;
391.995436;
391.995436;
391.995436;
391.995436;
 391.995436;
 391.995436;
 391.995436;
 391.995436;
 391.995436;
 391.995436;
 391.995436;
 391.995436;
 391.995436;
 391.995436;
 400.591757;
 490.167475;
 685.818833;
 775.394551;
 783.990872;
 783.990872;
 783.990872;
 783.990872;
 783.990872;
 783.990872;
 783.990872;
 783.990872;
 783.990872;
 783.990872;
 783.990872;
 783.990872;
 783.990872;
 783.990872;
 783.990872;
 783.990872;
 783.990872;
 783.990872;
 783.990872;
 783.990872;
 783.990872;
 783.990872;
 783.990872;
 783.990872;
 783.990872;
 783.990872;
 783.990872;
 783.990872;
 783.990872;
 783.990872;
 783.990872;
 783.990872;
 783.990872;
 783.990872;
 783.990872;
 783.990872;
 783.990872;
 783.990872;
 783.990872;
 783.990872;
 783.990872;
 783.990872;
 783.990872;
 783.990872;
 783.990872;
 783.990872;
 783.990872;
 783.990872;
 783.990872;
 783.990872;
 783.990872;
 783.990872;
 783.990872;
 783.990872;
 783.990872;
 783.990872;
 783.990872;
 783.990872;
 783.990872;
 783.990872;
 783.990872;
 783.990872;
 783.990872;
 783.990872;
 783.990872;
 783.990872;
 783.990872;
 783.990872;
 783.990872;
 783.990872;
 783.990872;
 783.990872;
 783.990872;
 783.990872;
 783.990872;
 783.990872;
 783.990872;
 783.990872;
 783.990872;
 783.990872;
 783.990872;
 783.990872;
 783.990872;
 783.990872;
 783.990872;
 783.990872;
 783.990872;
 783.990872;
 783.990872;
 783.025923;
 772.970926;
 751.008792;
 740.953794;
 739.988845;
 739.988845;
 739.988845;
 739.988845;
 739.988845;
 739.988845;
 739.988845;
 739.988845;
 739.988845;
 739.988845;
 739.988845;
 739.988845;
 739.988845;
 739.988845;
 739.988845;
 739.988845;
 739.988845;
 739.988845;
 739.988845;
 739.988845;
 739.988845;
 739.988845;
 739.988845;
 739.988845;
 739.988845;
 739.988845;
 739.988845;
 739.988845;
 739.988845;
 739.988845;
 739.988845;
 739.988845;
 739.988845;
 739.988845;
 739.988845;
 736.641081;
 701.756574;
 625.561807;
 590.677300;
 587.329536;
 587.329536;
 587.329536;
 587.329536;
 587.329536;
 587.329536;
 587.329536;
 587.329536;
 587.329536;
 587.329536;
 587.329536;
 587.329536;
 587.329536;
 587.329536;
 587.329536;
 587.329536;
 587.329536;
 587.329536;
 587.329536;
 587.329536;
 587.329536;
 587.329536;
 587.329536;
 587.329536;
 587.329536;
 587.329536;
 587.329536;
 587.329536;
 587.329536;
 587.329536;
 587.329536;
 587.329536;
 587.329536;
 587.329536;
 587.329536;
 587.329536;
 587.329536;
 587.329536;
 587.329536;
 587.329536;
 587.329536;
 587.329536;
 587.329536;
 587.329536;
 587.329536;
 587.329536;
 587.329536;
 587.329536;
 587.329536;
 587.329536;
 587.329536;
 587.329536;
 587.329536;
 587.329536;
 587.329536;
 587.329536;
 587.329536;
 587.329536;
 587.329536;
 587.329536;
 587.329536;
 587.329536;
 587.329536;
 587.329536;
 587.329536;
 587.329536;
 587.329536;
 587.329536;
 587.329536;
 587.329536;
 587.329536;
 587.329536;
 587.329536;
 587.329536;
 587.329536;
 587.329536;
 587.329536;
 587.329536;
 587.329536;
 587.329536;
 585.280293;
 563.926693;
 517.286144;
 495.932544;
 493.883301;
 493.883301;
 493.883301;
 493.883301;
 493.883301;
 493.883301;
 493.883301;
 493.883301;
 493.883301;
 493.883301;
 493.883301;
 493.883301;
 493.883301;
 493.883301;
 493.883301;
 493.883301;
 493.883301;
 493.883301;
 493.883301;
 493.883301;
 493.883301;
 493.883301;
 493.883301;
 493.883301;
 493.883301;
 493.883301;
 493.883301;
 493.883301;
 493.883301;
 493.883301;
 493.883301;
 493.883301;
 493.883301;
 493.883301;
 493.883301;
 493.883301;
 493.883301;
 494.527327;
 501.238233;
 515.896199;
 522.607105;
 523.251131;
 523.251131;
 523.251131;
 523.251131;
 523.251131;
 523.251131;
 523.251131;
 523.251131;
 523.251131;
 523.251131;
 523.251131;
 523.251131;
 523.251131;
 523.251131;
 523.251131;
 523.251131;
 523.251131;
 523.251131;
 523.251131;
 523.251131;
 523.251131;
 523.251131;
 523.251131;
 523.251131;
 523.251131;
 523.251131;
 523.251131;
 523.251131;
 523.251131;
 523.251131;
 523.251131;
 523.251131;
 523.251131;
 523.251131;
 523.251131;
 523.251131;
 523.251131;
 523.251131;
 523.251131;
 523.251131;
 523.251131;
 523.251131;
 523.251131;
 523.251131;
 523.251131;
 523.251131;
 523.251131;
 523.251131;
 523.251131;
 523.251131;
 523.251131;
 523.251131;
 523.251131;
 523.251131;
 523.251131;
 523.251131;
 523.251131;
 523.251131;
 523.251131;
 523.251131;
 523.251131;
 523.251131;
 523.251131;
 523.251131;
 523.251131;
 523.251131;
 523.251131;
 523.251131;
 523.251131;
 523.251131;
 523.251131;
 523.251131;
 523.251131;
 523.251131;
 523.251131;
 523.251131;
 523.251131;
 523.251131;
 523.251131;
 523.251131;
 523.251131;
 526.233650;
 557.312212;
 625.194033;
 656.272595;
 659.255114;
 659.255114;
 659.255114;
 659.255114;
 659.255114;
 659.255114;
 659.255114;
 659.255114;
 659.255114;
 659.255114;
 659.255114;
 659.255114;
 659.255114;
 659.255114;
 659.255114;
 659.255114;
 659.255114;
 659.255114;
 659.255114;
 659.255114;
 659.255114;
 659.255114;
 659.255114;
 659.255114;
 659.255114;
 659.255114;
 659.255114;
 659.255114;
 659.255114;
 659.255114;
 659.255114;
 659.255114;
 659.255114;
 659.255114;
 659.255114;
 657.677811;
 641.241943;
 605.342706;
 588.906838;
 587.329536;
 587.329536;
 587.329536;
 587.329536;
 587.329536;
 587.329536;
 587.329536;
 587.329536;
 587.329536;
 587.329536;
 587.329536;
 587.329536;
 587.329536;
 587.329536;
 587.329536;
 587.329536;
 587.329536;
 587.329536;
 587.329536;
 587.329536;
 587.329536;
 587.329536;
 587.329536;
 587.329536;
 587.329536;
 587.329536;
 587.329536;
 587.329536;
 587.329536;
 585.280293;
 563.926693;
 517.286144;
 495.932544;
 493.883301;
 493.883301;
 493.883301;
 493.883301;
 493.883301;
 493.883301;
 493.883301;
 493.883301;
 493.883301;
 493.883301;
 493.883301;
 493.883301;
 493.883301;
 493.883301;
 493.883301;
 493.883301;
 493.883301;
 493.883301;
 493.883301;
 493.883301;
 493.883301;
 493.883301;
 493.883301;
 493.883301;
 493.883301;
 493.883301;
 493.883301;
 493.883301;
 493.883301;
 493.883301;
 493.883301;
 493.883301;
 493.883301;
 493.883301;
 493.883301;
 491.648937;
 468.366322;
 417.512416;
 394.229801;
 391.995436;
 391.995436;
 391.995436;
 391.995436;
 391.995436;
 391.995436;
 391.995436;
 391.995436;
 391.995436;
 391.995436;
 391.995436;
 391.995436;
 391.995436;
 391.995436;
 391.995436;
 391.995436;
 391.995436;
 391.995436;
 391.995436;
 391.995436;
 391.995436;
 391.995436;
 391.995436;
 391.995436;
 391.995436;
 391.995436;
 391.995436;
 391.995436;
 391.995436;
 391.995436;
 391.995436;
 391.995436;
 391.995436;
 391.995436;
 391.995436;
 391.995436;
 391.995436;
 391.995436;
 391.995436;
 394.229801;
 417.512416;
 468.366322;
 491.648937;
 493.883301;
 493.883301;
 493.883301;
 493.883301;
 493.883301;
 493.883301;
 493.883301;
 493.883301;
 493.883301;
 493.883301;
 493.883301;
 493.883301;
 493.883301;
 493.883301;
 493.883301;
 493.883301;
 493.883301;
 493.883301;
 493.883301;
 493.883301;
 493.883301;
 493.883301;
 493.883301;
 493.883301;
 493.883301;
 493.883301;
 493.883301;
 493.883301;
 493.883301;
 493.883301;
 493.883301;
 493.883301;
 493.883301;
 493.883301;
 493.883301;
 493.883301;
 493.883301;
 493.883301;
 493.883301;
 493.883301;
 493.883301;
 493.883301;
 493.883301;
 493.883301;
 493.883301;
 493.883301;
 493.883301;
 493.883301;
 493.883301;
 493.883301;
 493.883301;
 493.883301;
 493.883301;
 493.883301;
 493.883301;
 493.883301;
 493.883301;
 493.883301;
 493.883301;
 493.883301;
 493.883301;
 493.883301;
 493.883301;
 493.883301;
 493.883301;
 493.883301;
 493.883301;
 493.883301;
 493.883301;
 493.883301;
 493.883301;
 493.883301;
 495.932544;
 517.286144;
 563.926693;
 585.280293;
 587.329536;
 587.329536;
 587.329536;
 587.329536;
 587.329536;
 587.329536;
 587.329536;
 587.329536;
 587.329536;
 587.329536;
 587.329536;
 587.329536;
 587.329536;
 587.329536;
 587.329536;
 587.329536;
 587.329536;
 587.329536;
 587.329536;
 587.329536;
 587.329536;
 587.329536;
 587.329536;
 587.329536;
 587.329536;
 587.329536;
 587.329536;
 587.329536;
 587.329536;
 587.329536;
 587.329536;
 587.329536;
 587.329536;
 587.329536;
 587.329536;
 587.329536;
 587.329536;
 587.329536;
 585.924319;
 571.281625;
 539.299041;
 524.656347;
 523.251131;
 523.251131;
 523.251131;
 523.251131;
 523.251131;
 523.251131;
 523.251131;
 523.251131;
 523.251131;
 523.251131;
 523.251131;
 523.251131;
 523.251131;
 523.251131;
 523.251131;
 523.251131;
 523.251131;
 523.251131;
 523.251131;
 523.251131;
 523.251131;
 523.251131;
 523.251131;
 523.251131;
 523.251131;
 523.251131;
 523.251131;
 523.251131;
 521.425463;
 502.401568;
 460.849562;
 441.825668;
 440.000000;
 440.000000;
 440.000000;
 440.000000;
 440.000000;
 440.000000;
 440.000000;
 440.000000;
 440.000000;
 440.000000;
 440.000000;
 440.000000;
 440.000000;
 440.000000;
 440.000000;
 440.000000;
 440.000000;
 440.000000;
 440.000000;
 440.000000;
 440.000000;
 440.000000;
 440.000000;
 440.000000;
 440.000000;
 440.000000;
 440.000000;
 440.000000;
 440.000000;
 440.000000;
 440.000000;
 440.000000;
 440.000000;
 440.000000;
 438.464803;
 422.467678;
 387.526745;
 371.529620;
 369.994423;
 369.994423;
 369.994423;
 369.994423;
 369.994423;
 369.994423;
 369.994423;
 369.994423;
 369.994423;
 369.994423;
 369.994423;
 369.994423;
 369.994423;
 369.994423;
 369.994423;
 369.994423;
 369.994423;
 369.994423;
 369.994423;
 369.994423;
 369.994423;
 369.994423;
 369.994423;
 369.994423;
 369.994423;
 369.994423;
 369.994423;
 369.994423;
 369.994423;
 369.994423;
 369.994423;
 368.320540;
 350.878287;
 312.780903;
 295.338650;
 293.664768;
 293.664768;
 293.664768;
 293.664768;
 293.664768;
 293.664768;
 293.664768;
 293.664768;
 293.664768;
 293.664768;
 293.664768;
 293.664768;
 293.664768;
 293.664768;
 293.664768;
 293.664768;
 293.664768;
 293.664768;
 293.664768;
 293.664768;
 293.664768;
 293.664768;
 293.664768;
 293.664768;
 293.664768;
 293.664768;
 293.664768;
 293.664768;
 293.664768;
 293.664768;
 294.453419;
 302.671353;
 320.620972;
 328.838906;
 329.627557;
 329.627557;
 329.627557;
 329.627557;
 329.627557;
 329.627557;
 329.627557;
 329.627557;
 329.627557;
 329.627557;
 329.627557;
 329.627557;
 329.627557;
 329.627557;
 329.627557;
 329.627557;
 329.627557;
 329.627557;
 329.627557;
 329.627557;
 329.627557;
 329.627557;
 329.627557;
 329.627557;
 329.627557;
 329.627557;
 329.627557;
 329.627557;
 329.627557;
 329.627557;
 329.627557;
 330.512788;
 339.737107;
 359.884873;
 369.109192;
 369.994423;
 369.994423;
 369.994423;
 369.994423;
 369.994423;
 369.994423;
 369.994423;
 369.994423;
 369.994423;
 369.994423;
 369.994423;
 369.994423;
 369.994423;
 369.994423;
 369.994423;
 369.994423;
 369.994423;
 369.994423;
 369.994423;
 369.994423;
 369.994423;
 369.994423;
 369.994423;
 369.994423;
 369.994423;
 369.994423;
 369.994423;
 369.994423;
 369.994423;
 369.994423;
 369.994423;
 369.994423;
 369.994423;
 369.994423;
 369.994423;
 369.994423;
 369.994423;
 370.476897;
 375.504396;
 386.485463;
 391.512962;
 391.995436;
 391.995436;
 391.995436;
 391.995436;
 391.995436;
 391.995436;
 391.995436;
 391.995436;
 391.995436;
 391.995436;
 391.995436;
 391.995436;
 391.995436;
 391.995436;
 391.995436;
 391.995436;
 391.995436;
 391.995436;
 391.995436;
 391.995436;
 391.995436;
 391.995436;
 391.995436;
 391.995436;
 391.995436;
 391.995436;
 391.995436;
 391.995436;
 391.995436;
 391.995436;
 391.995436;
 391.995436;
 391.995436;
 391.995436;
 391.995436;
 391.995436;
 391.995436;
 391.995436;
 391.995436;
 391.995436;
 391.995436;
 391.995436;
 391.995436;
 391.995436;
 391.995436;
 391.995436;
 391.995436;
 391.995436;
 391.995436;
 391.995436;
 391.995436;
 391.995436;
 391.995436;
 391.995436;
 391.995436;
 391.995436;
 391.995436;
 391.995436;
 391.995436;
 391.995436;
 391.995436;
 391.995436;
 391.995436;
 391.995436;
 391.995436;
 391.995436;
 391.995436;
 391.995436;
 391.995436;
 391.995436;
 391.995436;
 391.995436;
 391.995436;
 391.995436;
 391.995436;
 391.995436;
 391.995436;
 391.995436;
 391.995436;
 391.995436;
 391.995436;
 391.995436;
 391.995436;
 391.995436;
 391.995436;
 391.995436;
 391.995436;
 391.995436;
 391.995436;
 391.995436;
 391.995436;
 391.995436;
 391.995436;
 391.995436;
 391.995436;
 391.995436;
 391.995436;
 391.995436;
 391.995436;
 391.995436;
 391.995436;
 391.995436;
 391.995436;
 391.995436;
 391.995436;
 391.995436;
 391.995436;
 391.995436;
 391.995436;
 391.995436;
 391.995436;
 391.995436;
 391.995436;
 391.995436;
 394.229801;
 417.512416;
 468.366322;
 491.648937;
 493.883301;
 493.883301;
 493.883301;
 493.883301;
 493.883301;
 493.883301;
 493.883301;
 493.883301;
 493.883301;
 493.883301;
 493.883301;
 493.883301;
 493.883301;
 493.883301;
 493.883301;
 493.883301;
 493.883301;
 493.883301;
 493.883301;
 493.883301;
 493.883301;
 493.883301;
 493.883301;
 493.883301;
 493.883301;
 493.883301;
 493.883301;
 493.883301;
 493.883301;
 493.883301;
 493.883301;
 493.883301;
 493.883301;
 493.883301;
 493.883301;
 493.883301;
 493.883301;
 492.701660;
 480.388671;
 453.494631;
 441.181642;
 440.000000;
 440.000000;
 440.000000;
 440.000000;
 440.000000;
 440.000000;
 440.000000;
 440.000000;
 440.000000;
 440.000000;
 440.000000;
 440.000000;
 440.000000;
 440.000000;
 440.000000;
 440.000000;
 440.000000;
 440.000000;
 440.000000;
 440.000000;
 440.000000;
 440.000000;
 440.000000;
 440.000000;
 440.000000;
 440.000000;
 440.000000;
 440.000000;
 440.000000;
 438.947277;
 427.977651;
 404.017785;
 393.048159;
 391.995436;
 391.995436;
 391.995436;
 391.995436;
 391.995436;
 391.995436;
 391.995436;
 391.995436;
 391.995436;
 391.995436;
 391.995436;
 391.995436;
 391.995436;
 391.995436;
 391.995436;
 391.995436;
 391.995436;
 391.995436;
 391.995436;
 391.995436;
 391.995436;
 391.995436;
 391.995436;
 391.995436;
 391.995436;
 391.995436;
 391.995436;
 391.995436;
 391.995436;
 391.995436;
 391.995436;
 391.995436;
 391.995436;
 391.995436;
 391.995436;
 391.995436;
 391.995436;
 391.995436;
 391.512962;
 386.485463;
 375.504396;
 370.476897;
 369.994423;
 369.994423;
 369.994423;
 369.994423;
 369.994423;
 369.994423;
 369.994423;
 369.994423;
 369.994423;
 369.994423;
 369.994423;
 369.994423;
 369.994423;
 369.994423;
 369.994423;
 369.994423;
 369.994423;
 369.994423;
 369.994423;
 369.994423;
 369.994423;
 369.994423;
 369.994423;
 369.994423;
 369.994423;
 369.994423;
 369.994423;
 369.994423;
 369.994423;
 369.994423;
 369.994423;
 369.994423;
 369.994423;
 369.994423;
 369.994423;
 369.994423;
 369.994423;
 369.994423;
 369.994423;
 369.994423;
 369.994423;
 369.994423;
 369.994423;
 369.994423;
 369.994423;
 369.994423;
 369.994423;
 369.994423;
 369.994423;
 369.994423;
 369.994423;
 369.994423;
 369.994423;
 369.994423;
 369.994423;
 369.994423;
 369.994423;
 369.994423;
 369.994423;
 369.994423;
 369.994423;
 369.994423;
 369.994423;
 369.994423;
 369.994423;
 369.994423;
 369.994423;
 369.994423;
 369.994423;
 369.994423;
 369.994423;
 369.994423;
 369.994423;
 369.994423;
 369.994423;
 371.529620;
 387.526745;
 422.467678;
 438.464803;
 440.000000;
 440.000000;
 440.000000;
 440.000000;
 440.000000;
 440.000000;
 440.000000;
 440.000000;
 440.000000;
 440.000000;
 440.000000;
 440.000000;
 440.000000;
 440.000000;
 440.000000;
 440.000000;
 440.000000;
 440.000000;
 440.000000;
 440.000000;
 440.000000;
 440.000000;
 440.000000;
 440.000000;
 440.000000;
 440.000000;
 440.000000;
 440.000000;
 440.000000;
 440.000000;
 440.000000;
 440.000000;
 440.000000;
 440.000000;
 440.000000;
 440.000000;
 440.000000;
 440.000000;
 440.000000;
 443.230884;
 476.897473;
 550.432063;
 584.098651;
 587.329536;
 587.329536;
 587.329536;
 587.329536;
 587.329536;
 587.329536;
 587.329536;
 587.329536;
 587.329536;
 587.329536;
 587.329536;
 587.329536;
 587.329536;
 587.329536;
 587.329536;
 587.329536;
 587.329536;
 587.329536;
 587.329536;
 587.329536;
 587.329536;
 587.329536;
 587.329536;
 587.329536;
 587.329536;
 587.329536;
 587.329536;
 587.329536;
 587.329536;
 587.329536;
 587.329536;
 587.329536;
 587.329536;
 587.329536;
 587.329536;
 587.329536;
 587.329536;
 587.329536;
 587.329536;
 587.329536;
 587.329536;
 587.329536;
 587.329536;
 587.329536;
 587.329536;
 587.329536;
 587.329536;
 587.329536;
 587.329536;
 587.329536;
 587.329536;
 587.329536;
 587.329536;
 587.329536;
 587.329536;
 587.329536;
 587.329536;
 587.329536;
 587.329536;
 587.329536;
 587.329536;
 587.329536;
 587.329536;
 587.329536;
 587.329536;
 587.329536;
 587.329536;
 587.329536;
 587.329536;
 587.329536;
 587.329536;
 587.329536;
 587.329536;
 587.329536;
 585.924319;
 571.281625;
 539.299041;
 524.656347;
 523.251131;
 523.251131;
 523.251131;
 523.251131;
 523.251131;
 523.251131;
 523.251131;
 523.251131;
 523.251131;
 523.251131;
 523.251131;
 523.251131;
 523.251131;
 523.251131;
 523.251131;
 523.251131;
 523.251131;
 523.251131;
 523.251131;
 523.251131;
 523.251131;
 523.251131;
 523.251131;
 523.251131;
 523.251131;
 523.251131;
 523.251131;
 523.251131;
 523.251131;
 523.251131;
 523.251131;
 523.251131;
 523.251131;
 523.251131;
 523.251131;
 522.607105;
 515.896199;
 501.238233;
 494.527327;
 493.883301;
 493.883301;
 493.883301;
 493.883301;
 493.883301;
 493.883301;
 493.883301;
 493.883301;
 493.883301;
 493.883301;
 493.883301;
 493.883301;
 493.883301;
 493.883301;
 493.883301;
 493.883301;
 493.883301;
 493.883301;
 493.883301;
 493.883301;
 493.883301;
 493.883301;
 493.883301;
 493.883301;
 493.883301;
 493.883301;
 493.883301;
 493.883301;
 493.883301;
 493.883301;
 493.883301;
 493.883301;
 493.883301;
 492.701660;
 480.388671;
 453.494631;
 441.181642;
 440.000000;
 440.000000;
 440.000000;
 440.000000;
 440.000000;
 440.000000;
 440.000000;
 440.000000;
 440.000000;
 440.000000;
 440.000000;
 440.000000;
 440.000000;
 440.000000;
 440.000000;
 440.000000;
 440.000000;
 440.000000;
 440.000000;
 440.000000;
 440.000000;
 440.000000;
 440.000000;
 440.000000;
 440.000000;
 440.000000;
 440.000000;
 440.000000;
 440.000000;
 440.000000;
 440.000000;
 440.000000;
 440.000000;
 438.947277;
 427.977651;
 404.017785;
 393.048159;
 391.995436;
 391.995436;
 391.995436;
 391.995436;
 391.995436;
 391.995436;
 391.995436;
 391.995436;
 391.995436;
 391.995436;
 391.995436;
 391.995436;
 391.995436;
 391.995436;
 391.995436;
 391.995436;
 391.995436;
 391.995436;
 391.995436;
 391.995436;
 391.995436;
 391.995436;
 391.995436;
 391.995436;
 391.995436;
 391.995436;
 391.995436;
 391.995436;
 391.995436;
 391.995436;
 394.229801;
 417.512416;
 468.366322;
 491.648937;
 493.883301;
 493.883301;
 493.883301;
 493.883301;
 493.883301;
 493.883301;
 493.883301;
 493.883301;
 493.883301;
 493.883301;
 493.883301;
 493.883301;
 493.883301;
 493.883301;
 493.883301;
 493.883301;
 493.883301;
 493.883301;
 493.883301;
 493.883301;
 493.883301;
 493.883301;
 493.883301;
 493.883301;
 493.883301;
 493.883301;
 493.883301;
 493.883301;
 493.883301;
 493.883301;
 493.883301;
 493.883301;
 493.883301;
 492.701660;
 480.388671;
 453.494631;
 441.181642;
 440.000000;
 440.000000;
 440.000000;
 440.000000;
 440.000000;
 440.000000;
 440.000000;
 440.000000;
 440.000000;
 440.000000;
 440.000000;
 440.000000;
 440.000000;
 440.000000;
 440.000000;
 440.000000;
 440.000000;
 440.000000;
 440.000000;
 440.000000;
 440.000000;
 440.000000;
 440.000000;
 440.000000;
 440.000000;
 440.000000;
 440.000000;
 440.000000;
 440.000000;
 440.000000;
 440.000000;
 438.947277;
 427.977651;
 404.017785;
 393.048159;
 391.995436;
 391.995436;
 391.995436;
 391.995436;
 391.995436;
 391.995436;
 391.995436;
 391.995436;
 391.995436;
 391.995436;
 391.995436;
 391.995436;
 391.995436;
 391.995436;
 391.995436;
 391.995436;
 391.995436;
 391.995436;
 391.995436;
 391.995436;
 391.995436;
 391.995436;
 391.995436;
 391.995436;
 391.995436;
 391.995436;
 391.995436;
 391.995436;
 391.995436;
 391.995436;
 391.995436;
 391.995436;
 391.995436;
 391.995436;
 391.512962;
 386.485463;
 375.504396;
 370.476897;
 369.994423;
 369.994423;
 369.994423;
 369.994423;
 369.994423;
 369.994423;
 369.994423;
 369.994423;
 369.994423;
 369.994423;
 369.994423;
 369.994423;
 369.994423;
 369.994423;
 369.994423;
 369.994423;
 369.994423;
 369.994423;
 369.994423;
 369.994423;
 369.994423;
 369.994423;
 369.994423;
 369.994423;
 369.994423;
 369.994423;
 369.994423;
 369.994423;
 369.994423;
 369.994423;
 369.994423;
 369.994423;
 369.994423;
 369.994423;
 369.994423;
 369.994423;
 369.994423;
 369.994423;
 369.994423;
 369.994423;
 369.994423;
 369.994423;
 369.994423;
 369.994423;
 369.994423;
 369.994423;
 369.994423;
 369.994423;
 369.994423;
 369.994423;
 369.994423;
 369.994423;
 369.994423;
 369.994423;
 369.994423;
 369.994423;
 369.994423;
 369.994423;
 369.994423;
 369.994423;
 369.994423;
 369.994423;
 369.994423;
 369.994423;
 369.994423;
 369.994423;
 369.994423;
 369.994423;
 369.994423;
 369.994423;
 369.994423;
 369.994423;
 369.994423;
 369.994423;
 371.529620;
 387.526745;
 422.467678;
 438.464803;
 440.000000;
 440.000000;
 440.000000;
 440.000000;
 440.000000;
 440.000000;
 440.000000;
 440.000000;
 440.000000;
 440.000000;
 440.000000;
 440.000000;
 440.000000;
 440.000000;
 440.000000;
 440.000000;
 440.000000;
 440.000000;
 440.000000;
 440.000000;
 440.000000;
 440.000000;
 440.000000;
 440.000000;
 440.000000;
 440.000000;
 440.000000;
 440.000000;
 440.000000;
 440.000000;
 440.000000;
 440.000000;
 440.000000;
 440.000000;
 440.000000;
 440.000000;
 440.000000;
 440.000000;
 440.000000;
 440.000000;
 443.230884;
 476.897473;
 550.432063;
 584.098651;
 587.329536;
 587.329536;
 587.329536;
 587.329536;
 587.329536;
 587.329536;
 587.329536;
 587.329536;
 587.329536;
 587.329536;
 587.329536;
 587.329536;
 587.329536;
 587.329536;
 587.329536;
 587.329536;
 587.329536;
 587.329536;
 587.329536;
 587.329536;
 587.329536;
 587.329536;
 587.329536;
 587.329536;
 587.329536;
 587.329536;
 587.329536;
 587.329536;
 587.329536;
 587.329536;
 587.329536;
 587.329536;
 587.329536;
 587.329536;
 587.329536;
 587.329536;
 587.329536;
 587.329536;
 587.329536;
 587.329536;
 587.329536;
 587.329536;
 587.329536;
 587.329536;
 587.329536;
 587.329536;
 587.329536;
 587.329536;
 587.329536;
 587.329536;
 587.329536;
 587.329536;
 587.329536;
 587.329536;
 587.329536;
 587.329536;
 587.329536;
 587.329536;
 587.329536;
 587.329536;
 587.329536;
 587.329536;
 587.329536;
 587.329536;
 587.329536;
 587.329536;
 587.329536;
 587.329536;
 587.329536;
 587.329536;
 585.924319;
 571.281625;
 539.299041;
 524.656347;
 523.251131;
 523.251131;
 523.251131;
 523.251131;
 523.251131;
 523.251131;
 523.251131;
 523.251131;
 523.251131;
 523.251131;
 523.251131;
 523.251131;
 523.251131;
 523.251131;
 523.251131;
 523.251131;
 523.251131;
 523.251131;
 523.251131;
 523.251131;
 523.251131;
 523.251131;
 523.251131;
 523.251131;
 523.251131;
 523.251131;
 523.251131;
 523.251131;
 523.251131;
 523.251131;
 523.251131;
 523.251131;
 523.251131;
 523.251131;
 523.251131;
 523.251131;
 523.251131;
 523.251131;
 523.251131;
 522.607105;
 515.896199;
 501.238233;
 494.527327;
 493.883301;
 493.883301;
 493.883301;
 493.883301;
 493.883301;
 493.883301;
 493.883301;
 493.883301;
 493.883301;
 493.883301;
 493.883301;
 493.883301;
 493.883301;
 493.883301;
 493.883301;
 493.883301;
 493.883301;
 493.883301;
 493.883301;
 493.883301;
 493.883301;
 493.883301;
 493.883301;
 493.883301;
 493.883301;
 493.883301;
 493.883301;
 493.883301;
 493.883301;
 493.883301;
 493.883301;
 493.883301;
 493.883301;
 492.701660;
 480.388671;
 453.494631;
 441.181642;
 440.000000;
 440.000000;
 440.000000;
 440.000000;
 440.000000;
 440.000000;
 440.000000;
 440.000000;
 440.000000;
 440.000000;
 440.000000;
 440.000000;
 440.000000;
 440.000000;
 440.000000;
 440.000000;
 440.000000;
 440.000000;
 440.000000;
 440.000000;
 440.000000;
 440.000000;
 440.000000;
 440.000000;
 440.000000;
 440.000000;
 440.000000;
 440.000000;
 440.000000;
 440.000000;
 440.000000;
 440.000000;
 440.000000;
 440.000000;
 438.947277;
 427.977651;
 404.017785;
 393.048159;
 391.995436;
 391.995436;
 391.995436;
 391.995436;
 391.995436;
 391.995436;
 391.995436;
 391.995436;
 391.995436;
 391.995436;
 391.995436;
 391.995436;
 391.995436;
 391.995436;
 391.995436;
 391.995436;
 391.995436;
 391.995436;
 391.995436;
 391.995436;
 391.995436;
 391.995436;
 391.995436;
 391.995436;
 391.995436;
 391.995436;
 391.995436;
 391.995436;
 391.995436;
 391.995436;
 391.995436;
 391.995436;
 391.995436;
 391.995436;
 391.995436;
 391.995436;
 391.995436;
 391.995436;
 391.995436;
 391.995436;
 391.995436;
 391.995436;
 391.995436;
 391.995436;
 391.995436;
 391.995436;
 391.995436;
 391.995436;
 391.995436;
 391.995436;
 391.995436;
 391.995436;
 391.995436;
 391.995436;
 391.995436;
 391.995436;
 391.995436;
 391.995436;
 391.995436;
 391.995436;
 391.995436;
 391.995436;
 391.995436;
 391.995436;
 391.995436;
 391.995436;
 391.995436;
 391.995436;
 391.995436;
 391.995436;
 391.995436;
 391.995436;
 391.995436;
 391.995436;
 391.995436;
 391.995436;
 391.995436;
 391.995436;
 391.995436;
 391.995436;
 391.995436;
 391.995436;
 391.995436;
 391.995436;
 391.995436;
 391.995436;
 391.995436;
 391.995436;
 391.995436;
 391.995436;
 391.995436;
 391.995436;
 391.995436;
 391.995436;
 391.995436;
 391.995436;
 391.995436;
 391.995436;
 391.995436;
 391.995436;
 391.995436;
 391.995436;
 391.995436;
 391.995436;
 391.995436;
 391.995436;
 391.995436;
 391.995436;
 391.995436;
 391.995436;
 391.995436;
 391.995436;
 391.995436;
 391.995436;
 391.995436;
 391.995436;
 391.995436;
 391.995436;
 391.995436;
 391.995436;
 391.995436;
 391.995436;
 391.995436;
 391.995436;
 391.995436;
 391.995436;
 391.995436;
 391.995436;
 391.995436;
 391.995436;
 391.995436;
 391.995436;
 391.995436;
 391.995436;
 391.995436;
 391.995436;
 391.995436;
 391.995436;
 391.995436;
 391.995436;
 391.995436;
 391.995436;
 391.995436;
 391.995436;
 391.995436;
 391.995436;
 391.995436;
 391.995436;
 391.995436;
 391.995436;
 391.995436;
 391.995436;
 391.995436;
 391.995436;
 391.995436;
 391.995436;
 391.995436;
 391.995436;
 391.995436;
 391.995436;
 391.995436;
 391.995436;
 391.995436;
 391.995436;
 391.995436;
 391.995436;
 391.995436;
 391.995436;
 391.995436;
 391.995436;
 391.995436;
 391.995436;
 391.995436;
 391.995436;
 391.995436;
 391.995436;
 391.995436;
 391.995436;
 391.995436;
 391.995436;
 391.995436;
 391.995436;
 391.995436;
 391.995436;
 391.995436;
 391.995436;
 391.995436;
 391.995436;
 391.995436;
 391.995436;
 391.995436;
 391.995436;
 391.995436;
 391.995436;
 391.995436;
 391.995436;
 391.995436;
 391.995436;
 391.995436;
 391.995436;
 391.995436;
 391.995436;
 391.995436;
 391.995436;
 391.995436;
 391.995436;
 391.995436;
 391.995436;
 391.995436;
 391.995436;
 391.995436;
 391.995436;
 391.995436;
 391.995436;
 391.995436;
 391.995436;
 391.995436;
 391.995436;
 391.995436;
 391.995436;
 391.995436;
 391.995436;
 391.995436;
 391.995436;
 391.995436;
 391.995436;
 391.995436;
 391.995436;
 391.995436;
 391.995436;
 391.995436;
 391.995436;
 391.995436;
 391.995436;
 391.995436;
 391.995436;
 391.995436;
 391.995436;
 391.995436;
 391.995436;
 391.995436;
 391.995436;
 391.995436;
 391.995436;
 391.995436;
 391.995436;
 391.995436;
 391.995436;
 391.995436;
 391.995436;
 391.995436;
 391.995436;
 391.995436;
 391.995436;
 391.995436;
 391.995436;
 391.995436;
 391.995436;
 391.995436;
 391.995436;
 391.995436;
 391.995436;
 391.995436;
 391.995436;
 391.995436;
 391.995436;
 391.995436;
 391.995436;
 391.995436;
 391.995436;
 391.995436;
 391.995436;
 391.995436;
 391.995436;
 391.995436;
 391.995436;
 391.995436;
 391.995436;
 391.995436;
 391.995436;
 391.995436;
 391.995436;
 391.995436;
 391.995436;
 391.995436;
 391.995436;
 391.995436;
 391.995436;
 391.995436;
 391.995436;
 391.995436;
 391.995436;
 391.995436;
 391.995436;
 391.995436;
 391.995436;
 391.995436;
 391.995436;
 391.995436;
 391.995436;
 391.995436;
 391.995436;
 391.995436;
 391.995436;
 391.995436;
 391.995436;
 391.995436;
 391.995436;
 391.995436;
 391.995436;
 391.995436;
 391.995436;
 391.995436;
 0.000000;
