0.004167 0.000000
0.008333 0.000000
0.012500 0.000000
0.016667 0.000000
0.020833 0.000000
0.025000 0.000000
0.029167 0.000000
0.033333 0.000000
0.037500 0.000000
0.041667 0.000000
0.045833 0.000000
0.050000 0.000000
0.054167 0.000000
0.058333 0.000000
0.062500 0.000000
0.066667 0.000000
0.070833 0.000000
0.075000 0.000000
0.079167 0.000000
0.083333 0.000000
0.087500 0.000000
0.091667 0.000000
0.095833 0.000000
0.100000 0.000000
0.104167 0.000000
0.108333 0.000000
0.112500 0.000000
0.116667 0.000000
0.120833 0.000000
0.125000 0.000000
0.129167 0.000000
0.133333 0.000000
0.137500 0.000000
0.141667 0.000000
0.145833 0.000000
0.150000 0.000000
0.154167 0.000000
0.158333 0.000000
0.162500 0.000000
0.166667 0.000000
0.170833 0.000000
0.175000 0.000000
0.179167 0.000000
0.183333 0.000000
0.187500 0.000000
0.191667 0.000000
0.195833 0.000000
0.200000 0.000000
0.204167 0.000000
0.208333 0.000000
0.212500 0.000000
0.216667 0.000000
0.220833 0.000000
0.225000 0.000000
0.229167 0.000000
0.233333 0.000000
0.237500 0.000000
0.241667 0.000000
0.245833 0.000000
0.250000 0.000000
0.254167 0.000000
0.258333 0.000000
0.262500 0.000000
0.266667 0.000000
0.270833 0.000000
0.275000 0.000000
0.279167 0.000000
0.283333 0.000000
0.287500 0.000000
0.291667 0.000000
0.295833 0.000000
0.300000 0.000000
0.304167 0.000000
0.308333 0.000000
0.312500 0.000000
0.316667 0.000000
0.320833 0.000000
0.325000 0.000000
0.329167 0.000000
0.333333 0.000000
0.337500 0.000000
0.341667 0.000000
0.345833 0.000000
0.350000 0.000000
0.354167 0.000000
0.358333 0.000000
0.362500 0.000000
0.366667 0.000000
0.370833 0.000000
0.375000 0.000000
0.379167 0.000000
0.383333 0.000000
0.387500 0.000000
0.391667 0.000000
0.395833 0.000000
0.400000 0.000000
0.404167 0.000000
0.408333 0.000000
0.412500 0.000000
0.416667 0.000000
0.420833 0.000000
0.425000 0.000000
0.429167 0.000000
0.433333 0.000000
0.437500 0.000000
0.441667 0.000000
0.445833 0.000000
0.450000 0.000000
0.454167 0.000000
0.458333 0.000000
0.462500 0.000000
0.466667 0.000000
0.470833 0.000000
0.475000 0.000000
0.479167 0.000000
0.483333 0.000000
0.487500 0.000000
0.491667 0.000000
0.495833 0.000000
0.500000 0.000000
0.504167 0.000000
0.508333 0.000000
0.512500 0.000000
0.516667 0.000000
0.520833 0.000000
0.525000 0.000000
0.529167 0.000000
0.533333 0.000000
0.537500 0.000000
0.541667 0.000000
0.545833 0.000000
0.550000 0.000000
0.554167 0.000000
0.558333 0.000000
0.562500 0.000000
0.566667 0.000000
0.570833 0.000000
0.575000 0.000000
0.579167 0.000000
0.583333 0.000000
0.587500 0.000000
0.591667 0.000000
0.595833 0.000000
0.600000 0.000000
0.604167 0.000000
0.608333 0.000000
0.612500 0.000000
0.616667 0.000000
0.620833 0.000000
0.625000 0.000000
0.629167 0.000000
0.633333 0.000000
0.637500 0.000000
0.641667 0.000000
0.645833 0.000000
0.650000 0.000000
0.654167 0.000000
0.658333 0.000000
0.662500 0.000000
0.666667 0.000000
0.670833 0.000000
0.675000 0.000000
0.679167 0.000000
0.683333 0.000000
0.687500 0.000000
0.691667 0.000000
0.695833 0.000000
0.700000 0.000000
0.704167 0.000000
0.708333 0.000000
0.712500 0.000000
0.716667 0.000000
0.720833 0.000000
0.725000 0.000000
0.729167 0.000000
0.733333 0.000000
0.737500 0.000000
0.741667 0.000000
0.745833 0.000000
0.750000 0.000000
0.754167 0.000000
0.758333 0.000000
0.762500 0.000000
0.766667 0.000000
0.770833 0.000000
0.775000 0.000000
0.779167 0.000000
0.783333 0.000000
0.787500 0.000000
0.791667 0.000000
0.795833 0.000000
0.800000 0.000000
0.804167 0.000000
0.808333 0.000000
0.812500 0.000000
0.816667 0.000000
0.820833 0.000000
0.825000 0.000000
0.829167 0.000000
0.833333 0.000000
0.837500 0.000000
0.841667 0.000000
0.845833 0.000000
0.850000 0.000000
0.854167 0.000000
0.858333 0.000000
0.862500 0.000000
0.866667 0.000000
0.870833 0.000000
0.875000 0.000000
0.879167 0.000000
0.883333 0.000000
0.887500 0.000000
0.891667 0.000000
0.895833 0.000000
0.900000 0.000000
0.904167 0.000000
0.908333 0.000000
0.912500 0.000000
0.916667 0.000000
0.920833 0.000000
0.925000 0.000000
0.929167 0.000000
0.933333 0.000000
0.937500 0.000000
0.941667 0.000000
0.945833 0.000000
0.950000 0.000000
0.954167 0.000000
0.958333 0.000000
0.962500 0.000000
0.966667 0.000000
0.970833 0.000000
0.975000 0.000000
0.979167 0.000000
0.983333 0.000000
0.987500 0.000000
0.991667 0.000000
0.995833 0.000000
1.000000 0.000000
1.004167 0.000000
1.008333 0.000000
1.012500 0.000000
1.016667 0.000000
1.020833 0.000000
1.025000 0.000000
1.029167 0.000000
1.033333 0.000000
1.037500 0.000000
1.041667 0.000000
1.045833 0.000000
1.050000 0.000000
1.054167 0.000000
1.058333 0.000000
1.062500 0.000000
1.066667 0.000000
1.070833 0.000000
1.075000 0.000000
1.079167 0.000000
1.083333 0.000000
1.087500 0.000000
1.091667 0.000000
1.095833 0.000000
1.100000 0.000000
1.104167 0.000000
1.108333 0.000000
1.112500 0.000000
1.116667 0.000000
1.120833 0.000000
1.125000 0.000000
1.129167 0.000000
1.133333 0.000000
1.137500 0.000000
1.141667 0.000000
1.145833 0.000000
1.150000 0.000000
1.154167 0.000000
1.158333 0.000000
1.162500 0.000000
1.166667 0.000000
1.170833 0.000000
1.175000 0.000000
1.179167 0.000000
1.183333 0.000000
1.187500 0.000000
1.191667 0.000000
1.195833 0.000000
1.200000 0.000000
1.204167 0.000000
1.208333 0.000000
1.212500 0.000000
1.216667 0.000000
1.220833 0.000000
1.225000 0.000000
1.229167 0.000000
1.233333 0.000000
1.237500 0.000000
1.241667 0.000000
1.245833 0.000000
1.250000 0.000000
1.254167 0.000000
1.258333 0.000000
1.262500 0.000000
1.266667 0.000000
1.270833 0.000000
1.275000 0.000000
1.279167 0.000000
1.283333 0.000000
1.287500 0.000000
1.291667 0.000000
1.295833 0.000000
1.300000 0.000000
1.304167 0.000000
1.308333 0.000000
1.312500 0.000000
1.316667 0.000000
1.320833 0.000000
1.325000 0.000000
1.329167 0.000000
1.333333 0.000000
1.337500 0.000000
1.341667 0.000000
1.345833 0.000000
1.350000 0.000000
1.354167 0.000000
1.358333 0.000000
1.362500 0.000000
1.366667 0.000000
1.370833 0.000000
1.375000 0.000000
1.379167 0.000000
1.383333 0.000000
1.387500 0.000000
1.391667 0.000000
1.395833 0.000000
1.400000 0.000000
1.404167 0.000000
1.408333 0.000000
1.412500 0.000000
1.416667 0.000000
1.420833 0.000000
1.425000 0.000000
1.429167 0.000000
1.433333 0.000000
1.437500 0.000000
1.441667 0.000000
1.445833 0.000000
1.450000 0.000000
1.454167 0.000000
1.458333 0.000000
1.462500 0.000000
1.466667 0.000000
1.470833 0.000000
1.475000 0.000000
1.479167 0.000000
1.483333 0.000000
1.487500 0.000000
1.491667 0.000000
1.495833 0.000000
1.500000 0.000000
1.504167 0.000000
1.508333 0.000000
1.512500 0.000000
1.516667 0.000000
1.520833 0.000000
1.525000 0.000000
1.529167 0.000000
1.533333 0.000000
1.537500 0.000000
1.541667 0.000000
1.545833 0.000000
1.550000 0.000000
1.554167 0.000000
1.558333 0.000000
1.562500 0.000000
1.566667 0.000000
1.570833 0.000000
1.575000 0.000000
1.579167 0.000000
1.583333 0.000000
1.587500 0.000000
1.591667 0.000000
1.595833 0.000000
1.600000 0.000000
1.604167 0.000000
1.608333 0.000000
1.612500 0.000000
1.616667 0.000000
1.620833 0.000000
1.625000 0.000000
1.629167 0.000000
1.633333 0.000000
1.637500 0.000000
1.641667 0.000000
1.645833 0.000000
1.650000 0.000000
1.654167 0.000000
1.658333 0.000000
1.662500 0.000000
1.666667 0.000000
1.670833 0.000000
1.675000 0.000000
1.679167 0.000000
1.683333 0.000000
1.687500 0.000000
1.691667 0.000000
1.695833 0.000000
1.700000 0.000000
1.704167 0.000000
1.708333 0.000000
1.712500 0.000000
1.716667 0.000000
1.720833 0.000000
1.725000 0.000000
1.729167 0.000000
1.733333 0.000000
1.737500 0.000000
1.741667 0.000000
1.745833 0.000000
1.750000 0.000000
1.754167 0.000000
1.758333 0.000000
1.762500 0.000000
1.766667 0.000000
1.770833 0.000000
1.775000 0.000000
1.779167 0.000000
1.783333 0.000000
1.787500 0.000000
1.791667 0.000000
1.795833 0.000000
1.800000 0.000000
1.804167 0.000000
1.808333 0.000000
1.812500 0.000000
1.816667 0.000000
1.820833 0.000000
1.825000 0.000000
1.829167 0.000000
1.833333 0.000000
1.837500 0.000000
1.841667 0.000000
1.845833 0.000000
1.850000 0.000000
1.854167 0.000000
1.858333 0.000000
1.862500 0.000000
1.866667 0.000000
1.870833 0.000000
1.875000 0.000000
1.879167 0.000000
1.883333 0.000000
1.887500 0.000000
1.891667 0.000000
1.895833 0.000000
1.900000 0.000000
1.904167 0.000000
1.908333 0.000000
1.912500 0.000000
1.916667 0.000000
1.920833 0.000000
1.925000 0.000000
1.929167 0.000000
1.933333 0.000000
1.937500 0.000000
1.941667 0.000000
1.945833 0.000000
1.950000 0.000000
1.954167 0.000000
1.958333 0.000000
1.962500 0.000000
1.966667 0.000000
1.970833 0.000000
1.975000 0.000000
1.979167 0.000000
1.983333 0.000000
1.987500 0.000000
1.991667 0.000000
1.995833 0.000000
2.000000 0.000000
2.004167 0.000000
2.008333 0.000000
2.012500 0.000000
2.016667 0.000000
2.020833 0.000000
2.025000 0.000000
2.029167 0.000000
2.033333 0.000000
2.037500 0.000000
2.041667 0.000000
2.045833 0.000000
2.050000 0.000000
2.054167 0.000000
2.058333 0.000000
2.062500 0.000000
2.066667 0.000000
2.070833 0.000000
2.075000 0.000000
2.079167 0.000000
2.083333 0.000000
2.087500 0.000000
2.091667 0.000000
2.095833 0.000000
2.100000 0.000000
2.104167 0.000000
2.108333 0.000000
2.112500 0.000000
2.116667 0.000000
2.120833 0.000000
2.125000 0.000000
2.129167 0.000000
2.133333 0.000000
2.137500 0.000000
2.141667 0.000000
2.145833 0.000000
2.150000 0.000000
2.154167 0.000000
2.158333 0.000000
2.162500 0.000000
2.166667 0.000000
2.170833 0.000000
2.175000 0.000000
2.179167 0.000000
2.183333 0.000000
2.187500 0.000000
2.191667 0.000000
2.195833 0.000000
2.200000 0.000000
2.204167 0.000000
2.208333 0.000000
2.212500 0.000000
2.216667 0.000000
2.220833 0.000000
2.225000 0.000000
2.229167 0.000000
2.233333 0.000000
2.237500 0.000000
2.241667 0.000000
2.245833 0.000000
2.250000 0.000000
2.254167 0.000000
2.258333 0.000000
2.262500 0.000000
2.266667 0.000000
2.270833 0.000000
2.275000 0.000000
2.279167 0.000000
2.283333 0.000000
2.287500 0.000000
2.291667 0.000000
2.295833 0.000000
2.300000 0.000000
2.304167 0.000000
2.308333 0.000000
2.312500 0.000000
2.316667 0.000000
2.320833 0.000000
2.325000 0.000000
2.329167 0.000000
2.333333 0.000000
2.337500 0.000000
2.341667 0.000000
2.345833 0.000000
2.350000 0.000000
2.354167 0.000000
2.358333 0.000000
2.362500 0.000000
2.366667 0.000000
2.370833 0.000000
2.375000 0.000000
2.379167 0.000000
2.383333 0.000000
2.387500 0.000000
2.391667 0.000000
2.395833 0.000000
2.400000 0.000000
2.404167 0.000000
2.408333 0.000000
2.412500 0.000000
2.416667 0.000000
2.420833 0.000000
2.425000 0.000000
2.429167 0.000000
2.433333 0.000000
2.437500 0.000000
2.441667 0.000000
2.445833 0.000000
2.450000 0.000000
2.454167 0.000000
2.458333 0.000000
2.462500 0.000000
2.466667 0.000000
2.470833 0.000000
2.475000 0.000000
2.479167 0.000000
2.483333 0.000000
2.487500 0.000000
2.491667 0.000000
2.495833 0.000000
2.500000 0.000000
2.504167 0.000000
2.508333 0.000000
2.512500 0.000000
2.516667 0.000000
2.520833 0.000000
2.525000 0.000000
2.529167 0.000000
2.533333 0.000000
2.537500 0.000000
2.541667 0.000000
2.545833 0.000000
2.550000 0.000000
2.554167 0.000000
2.558333 0.000000
2.562500 0.000000
2.566667 0.000000
2.570833 0.000000
2.575000 0.000000
2.579167 0.000000
2.583333 0.000000
2.587500 0.000000
2.591667 0.000000
2.595833 0.000000
2.600000 0.000000
2.604167 0.000000
2.608333 0.000000
2.612500 0.000000
2.616667 0.000000
2.620833 0.000000
2.625000 0.000000
2.629167 0.000000
2.633333 0.000000
2.637500 0.000000
2.641667 0.000000
2.645833 0.000000
2.650000 0.000000
2.654167 0.000000
2.658333 0.000000
2.662500 0.000000
2.666667 0.000000
2.670833 0.000000
2.675000 0.000000
2.679167 0.000000
2.683333 0.000000
2.687500 0.000000
2.691667 0.000000
2.695833 0.000000
2.700000 0.000000
2.704167 0.000000
2.708333 0.000000
2.712500 0.000000
2.716667 0.000000
2.720833 0.000000
2.725000 0.000000
2.729167 0.000000
2.733333 0.000000
2.737500 0.000000
2.741667 0.000000
2.745833 0.000000
2.750000 0.000000
2.754167 0.000000
2.758333 0.000000
2.762500 0.000000
2.766667 0.000000
2.770833 0.000000
2.775000 0.000000
2.779167 0.000000
2.783333 0.000000
2.787500 0.000000
2.791667 0.000000
2.795833 0.000000
2.800000 0.000000
2.804167 0.000000
2.808333 0.000000
2.812500 0.000000
2.816667 0.000000
2.820833 0.000000
2.825000 0.000000
2.829167 0.000000
2.833333 0.000000
2.837500 0.000000
2.841667 0.000000
2.845833 0.000000
2.850000 0.000000
2.854167 0.000000
2.858333 0.000000
2.862500 0.000000
2.866667 0.000000
2.870833 0.000000
2.875000 0.000000
2.879167 0.000000
2.883333 0.000000
2.887500 0.000000
2.891667 0.000000
2.895833 0.000000
2.900000 0.000000
2.904167 0.000000
2.908333 0.000000
2.912500 0.000000
2.916667 0.000000
2.920833 0.000000
2.925000 0.000000
2.929167 0.000000
2.933333 0.000000
2.937500 0.000000
2.941667 0.000000
2.945833 0.000000
2.950000 0.000000
2.954167 0.000000
2.958333 0.000000
2.962500 0.000000
2.966667 0.000000
2.970833 0.000000
2.975000 0.000000
2.979167 0.000000
2.983333 0.000000
2.987500 0.000000
2.991667 0.000000
2.995833 0.000000
3.000000 0.000000
3.004167 0.000000
3.008333 0.000000
3.012500 0.000000
3.016667 0.000000
3.020833 0.000000
3.025000 0.000000
3.029167 0.000000
3.033333 0.000000
3.037500 0.000000
3.041667 0.000000
3.045833 0.000000
3.050000 0.000000
3.054167 0.000000
3.058333 0.000000
3.062500 0.000000
3.066667 0.000000
3.070833 0.000000
3.075000 0.000000
3.079167 0.000000
3.083333 0.000000
3.087500 0.000000
3.091667 0.000000
3.095833 0.000000
3.100000 0.000000
3.104167 0.000000
3.108333 0.000000
3.112500 0.000000
3.116667 0.000000
3.120833 0.000000
3.125000 0.000000
3.129167 0.000000
3.133333 0.000000
3.137500 0.000000
3.141667 0.000000
3.145833 0.000000
3.150000 0.000000
3.154167 0.000000
3.158333 0.000000
3.162500 0.000000
3.166667 0.000000
3.170833 0.000000
3.175000 0.000000
3.179167 0.000000
3.183333 0.000000
3.187500 0.000000
3.191667 0.000000
3.195833 0.000000
3.200000 0.000000
3.204167 0.000000
3.208333 0.000000
3.212500 0.000000
3.216667 0.000000
3.220833 0.000000
3.225000 0.000000
3.229167 0.000000
3.233333 0.000000
3.237500 0.000000
3.241667 0.000000
3.245833 0.000000
3.250000 0.000000
3.254167 0.000000
3.258333 0.000000
3.262500 0.000000
3.266667 0.000000
3.270833 0.000000
3.275000 0.000000
3.279167 0.000000
3.283333 0.000000
3.287500 0.000000
3.291667 0.000000
3.295833 0.000000
3.300000 0.000000
3.304167 0.000000
3.308333 0.000000
3.312500 0.000000
3.316667 0.000000
3.320833 0.000000
3.325000 0.000000
3.329167 0.000000
3.333333 0.000000
3.337500 0.000000
3.341667 0.000000
3.345833 0.000000
3.350000 0.000000
3.354167 0.000000
3.358333 0.000000
3.362500 0.000000
3.366667 0.000000
3.370833 0.000000
3.375000 0.000000
3.379167 0.000000
3.383333 0.000000
3.387500 0.000000
3.391667 0.000000
3.395833 0.000000
3.400000 0.000000
3.404167 0.000000
3.408333 0.000000
3.412500 0.000000
3.416667 0.000000
3.420833 0.000000
3.425000 0.000000
3.429167 0.000000
3.433333 0.000000
3.437500 0.000000
3.441667 0.000000
3.445833 0.000000
3.450000 0.000000
3.454167 0.000000
3.458333 0.000000
3.462500 0.000000
3.466667 0.000000
3.470833 0.000000
3.475000 0.000000
3.479167 0.000000
3.483333 0.000000
3.487500 0.000000
3.491667 0.000000
3.495833 0.000000
3.500000 0.000000
3.504167 0.000000
3.508333 0.000000
3.512500 0.000000
3.516667 0.000000
3.520833 0.000000
3.525000 0.000000
3.529167 0.000000
3.533333 0.000000
3.537500 0.000000
3.541667 0.000000
3.545833 0.000000
3.550000 0.000000
3.554167 0.000000
3.558333 0.000000
3.562500 0.000000
3.566667 0.000000
3.570833 0.000000
3.575000 0.000000
3.579167 0.000000
3.583333 0.000000
3.587500 0.000000
3.591667 0.000000
3.595833 0.000000
3.600000 0.000000
3.604167 0.000000
3.608333 0.000000
3.612500 0.000000
3.616667 0.000000
3.620833 0.000000
3.625000 0.000000
3.629167 0.000000
3.633333 0.000000
3.637500 0.000000
3.641667 0.000000
3.645833 0.000000
3.650000 0.000000
3.654167 0.000000
3.658333 0.000000
3.662500 0.000000
3.666667 0.000000
3.670833 0.000000
3.675000 0.000000
3.679167 0.000000
3.683333 0.000000
3.687500 0.000000
3.691667 0.000000
3.695833 0.000000
3.700000 0.000000
3.704167 0.000000
3.708333 0.000000
3.712500 0.000000
3.716667 0.000000
3.720833 0.000000
3.725000 0.000000
3.729167 0.000000
3.733333 0.000000
3.737500 0.000000
3.741667 0.000000
3.745833 0.000000
3.750000 0.000000
3.754167 0.000000
3.758333 0.000000
3.762500 0.000000
3.766667 0.000000
3.770833 0.000000
3.775000 0.000000
3.779167 0.000000
3.783333 0.000000
3.787500 0.000000
3.791667 0.000000
3.795833 0.000000
3.800000 0.000000
3.804167 0.000000
3.808333 0.000000
3.812500 0.000000
3.816667 0.000000
3.820833 0.000000
3.825000 0.000000
3.829167 0.000000
3.833333 0.000000
3.837500 0.000000
3.841667 0.000000
3.845833 0.000000
3.850000 0.000000
3.854167 0.000000
3.858333 0.000000
3.862500 0.000000
3.866667 0.000000
3.870833 0.000000
3.875000 0.000000
3.879167 0.000000
3.883333 0.000000
3.887500 0.000000
3.891667 0.000000
3.895833 0.000000
3.900000 0.000000
3.904167 0.000000
3.908333 0.000000
3.912500 0.000000
3.916667 0.000000
3.920833 0.000000
3.925000 0.000000
3.929167 0.000000
3.933333 0.000000
3.937500 0.000000
3.941667 0.000000
3.945833 0.000000
3.950000 0.000000
3.954167 0.000000
3.958333 0.000000
3.962500 0.000000
3.966667 0.000000
3.970833 0.000000
3.975000 0.000000
3.979167 0.000000
3.983333 0.000000
3.987500 0.000000
3.991667 0.000000
3.995833 0.000000
4.000000 0.000000
4.004167 0.000000
4.008333 0.000000
4.012500 0.000000
4.016667 0.000000
4.020833 0.000000
4.025000 0.000000
4.029167 0.000000
4.033333 0.000000
4.037500 0.000000
4.041667 0.000000
4.045833 0.000000
4.050000 0.000000
4.054167 0.000000
4.058333 0.000000
4.062500 0.000000
4.066667 0.000000
4.070833 0.000000
4.075000 0.000000
4.079167 0.000000
4.083333 0.000000
4.087500 0.000000
4.091667 0.000000
4.095833 0.000000
4.100000 0.000000
4.104167 0.000000
4.108333 0.000000
4.112500 0.000000
4.116667 0.000000
4.120833 0.000000
4.125000 0.000000
4.129167 0.000000
4.133333 0.000000
4.137500 0.000000
4.141667 0.000000
4.145833 0.000000
4.150000 0.000000
4.154167 0.000000
4.158333 0.000000
4.162500 0.000000
4.166667 0.000000
4.170833 0.000000
4.175000 0.000000
4.179167 0.000000
4.183333 0.000000
4.187500 0.000000
4.191667 0.000000
4.195833 0.000000
4.200000 0.000000
4.204167 0.000000
4.208333 0.000000
4.212500 0.000000
4.216667 0.000000
4.220833 0.000000
4.225000 0.000000
4.229167 0.000000
4.233333 0.000000
4.237500 0.000000
4.241667 0.000000
4.245833 0.000000
4.250000 0.000000
4.254167 0.000000
4.258333 0.000000
4.262500 0.000000
4.266667 0.000000
4.270833 0.000000
4.275000 0.000000
4.279167 0.000000
4.283333 0.000000
4.287500 0.000000
4.291667 0.000000
4.295833 0.000000
4.300000 0.000000
4.304167 0.000000
4.308333 0.000000
4.312500 0.000000
4.316667 0.000000
4.320833 0.000000
4.325000 0.000000
4.329167 0.000000
4.333333 0.000000
4.337500 0.000000
4.341667 0.000000
4.345833 0.000000
4.350000 0.000000
4.354167 0.000000
4.358333 0.000000
4.362500 0.000000
4.366667 0.000000
4.370833 0.000000
4.375000 0.000000
4.379167 0.000000
4.383333 0.000000
4.387500 0.000000
4.391667 0.000000
4.395833 0.000000
4.400000 0.000000
4.404167 0.000000
4.408333 0.000000
4.412500 0.000000
4.416667 0.000000
4.420833 0.000000
4.425000 0.000000
4.429167 0.000000
4.433333 0.000000
4.437500 0.000000
4.441667 0.000000
4.445833 0.000000
4.450000 0.000000
4.454167 0.000000
4.458333 0.000000
4.462500 0.000000
4.466667 0.000000
4.470833 0.000000
4.475000 0.000000
4.479167 0.000000
4.483333 0.000000
4.487500 0.000000
4.491667 0.000000
4.495833 0.000000
4.500000 0.000000
4.504167 0.000000
4.508333 0.000000
4.512500 0.000000
4.516667 0.000000
4.520833 0.000000
4.525000 0.000000
4.529167 0.000000
4.533333 0.000000
4.537500 0.000000
4.541667 0.000000
4.545833 0.000000
4.550000 0.000000
4.554167 0.000000
4.558333 0.000000
4.562500 0.000000
4.566667 0.000000
4.570833 0.000000
4.575000 0.000000
4.579167 0.000000
4.583333 0.000000
4.587500 0.000000
4.591667 0.000000
4.595833 0.000000
4.600000 0.000000
4.604167 0.000000
4.608333 0.000000
4.612500 0.000000
4.616667 0.000000
4.620833 0.000000
4.625000 0.000000
4.629167 0.000000
4.633333 0.000000
4.637500 0.000000
4.641667 0.000000
4.645833 0.000000
4.650000 0.000000
4.654167 0.000000
4.658333 0.000000
4.662500 0.000000
4.666667 0.000000
4.670833 0.000000
4.675000 0.000000
4.679167 0.000000
4.683333 0.000000
4.687500 0.000000
4.691667 0.000000
4.695833 0.000000
4.700000 0.000000
4.704167 0.000000
4.708333 0.000000
4.712500 0.000000
4.716667 0.000000
4.720833 0.000000
4.725000 0.000000
4.729167 0.000000
4.733333 0.000000
4.737500 0.000000
4.741667 0.000000
4.745833 0.000000
4.750000 0.000000
4.754167 0.000000
4.758333 0.000000
4.762500 0.000000
4.766667 0.000000
4.770833 0.000000
4.775000 0.000000
4.779167 0.000000
4.783333 0.000000
4.787500 0.000000
4.791667 0.000000
4.795833 0.000000
4.800000 0.000000
4.804167 0.000000
4.808333 0.000000
4.812500 0.000000
4.816667 0.000000
4.820833 0.000000
4.825000 0.000000
4.829167 0.000000
4.833333 0.000000
4.837500 0.000000
4.841667 0.000000
4.845833 0.000000
4.850000 0.000000
4.854167 0.000000
4.858333 0.000000
4.862500 0.000000
4.866667 0.000000
4.870833 0.000000
4.875000 0.000000
4.879167 0.000000
4.883333 0.000000
4.887500 0.000000
4.891667 0.000000
4.895833 0.000000
4.900000 0.000000
4.904167 0.000000
4.908333 0.000000
4.912500 0.000000
4.916667 0.000000
4.920833 0.000000
4.925000 0.000000
4.929167 0.000000
4.933333 0.000000
4.937500 0.000000
4.941667 0.000000
4.945833 0.000000
4.950000 0.000000
4.954167 0.000000
4.958333 0.000000
4.962500 0.000000
4.966667 0.000000
4.970833 0.000000
4.975000 0.000000
4.979167 0.000000
4.983333 0.000000
4.987500 0.000000
4.991667 0.000000
4.995833 0.000000
5.000000 0.000000
5.004167 0.000000
5.008333 0.000000
5.012500 0.000000
5.016667 0.000000
5.020833 0.000000
5.025000 0.000000
5.029167 0.000000
5.033333 0.000000
5.037500 0.000000
5.041667 0.000000
5.045833 0.000000
5.050000 0.000000
5.054167 0.000000
5.058333 0.000000
5.062500 0.000000
5.066667 0.000000
5.070833 0.000000
5.075000 0.000000
5.079167 0.000000
5.083333 0.000000
5.087500 0.000000
5.091667 0.000000
5.095833 0.000000
5.100000 0.000000
5.104167 0.000000
5.108333 0.000000
5.112500 0.000000
5.116667 0.000000
5.120833 0.000000
5.125000 0.000000
5.129167 0.000000
5.133333 0.000000
5.137500 0.000000
5.141667 0.000000
5.145833 0.000000
5.150000 0.000000
5.154167 0.000000
5.158333 0.000000
5.162500 0.000000
5.166667 0.000000
5.170833 0.000000
5.175000 0.000000
5.179167 0.000000
5.183333 0.000000
5.187500 0.000000
5.191667 0.000000
5.195833 0.000000
5.200000 0.000000
5.204167 0.000000
5.208333 0.000000
5.212500 0.000000
5.216667 0.000000
5.220833 0.000000
5.225000 0.000000
5.229167 0.000000
5.233333 0.000000
5.237500 0.000000
5.241667 0.000000
5.245833 0.000000
5.250000 0.000000
5.254167 0.000000
5.258333 0.000000
5.262500 0.000000
5.266667 0.000000
5.270833 0.000000
5.275000 0.000000
5.279167 0.000000
5.283333 0.000000
5.287500 0.000000
5.291667 0.000000
5.295833 0.000000
5.300000 0.000000
5.304167 0.000000
5.308333 0.000000
5.312500 0.000000
5.316667 0.000000
5.320833 0.000000
5.325000 0.000000
5.329167 0.000000
5.333333 0.000000
5.337500 0.000000
5.341667 0.000000
5.345833 0.000000
5.350000 0.000000
5.354167 0.000000
5.358333 0.000000
5.362500 0.000000
5.366667 0.000000
5.370833 0.000000
5.375000 0.000000
5.379167 0.000000
5.383333 0.000000
5.387500 0.000000
5.391667 0.000000
5.395833 0.000000
5.400000 0.000000
5.404167 0.000000
5.408333 0.000000
5.412500 0.000000
5.416667 0.000000
5.420833 0.000000
5.425000 0.000000
5.429167 0.000000
5.433333 0.000000
5.437500 0.000000
5.441667 0.000000
5.445833 0.000000
5.450000 0.000000
5.454167 0.000000
5.458333 0.000000
5.462500 0.000000
5.466667 0.000000
5.470833 0.000000
5.475000 0.000000
5.479167 0.000000
5.483333 0.000000
5.487500 0.000000
5.491667 0.000000
5.495833 0.000000
5.500000 0.000000
5.504167 0.000000
5.508333 0.000000
5.512500 0.000000
5.516667 0.000000
5.520833 0.000000
5.525000 0.000000
5.529167 0.000000
5.533333 0.000000
5.537500 0.000000
5.541667 0.000000
5.545833 0.000000
5.550000 0.000000
5.554167 0.000000
5.558333 0.000000
5.562500 0.000000
5.566667 0.000000
5.570833 0.000000
5.575000 0.000000
5.579167 0.000000
5.583333 0.000000
5.587500 0.000000
5.591667 0.000000
5.595833 0.000000
5.600000 0.000000
5.604167 0.000000
5.608333 0.000000
5.612500 0.000000
5.616667 0.000000
5.620833 0.000000
5.625000 0.000000
5.629167 0.000000
5.633333 0.000000
5.637500 0.000000
5.641667 0.000000
5.645833 0.000000
5.650000 0.000000
5.654167 0.000000
5.658333 0.000000
5.662500 0.000000
5.666667 0.000000
5.670833 0.000000
5.675000 0.000000
5.679167 0.000000
5.683333 0.000000
5.687500 0.000000
5.691667 0.000000
5.695833 0.000000
5.700000 0.000000
5.704167 0.000000
5.708333 0.000000
5.712500 0.000000
5.716667 0.000000
5.720833 0.000000
5.725000 0.000000
5.729167 0.000000
5.733333 0.000000
5.737500 0.000000
5.741667 0.000000
5.745833 0.000000
5.750000 0.000000
5.754167 0.000000
5.758333 0.000000
5.762500 0.000000
5.766667 0.000000
5.770833 0.000000
5.775000 0.000000
5.779167 0.000000
5.783333 0.000000
5.787500 0.000000
5.791667 0.000000
5.795833 0.000000
5.800000 0.000000
5.804167 0.000000
5.808333 0.000000
5.812500 0.000000
5.816667 0.000000
5.820833 0.000000
5.825000 0.000000
5.829167 0.000000
5.833333 0.000000
5.837500 0.000000
5.841667 0.000000
5.845833 0.000000
5.850000 0.000000
5.854167 0.000000
5.858333 0.000000
5.862500 0.000000
5.866667 0.000000
5.870833 0.000000
5.875000 0.000000
5.879167 0.000000
5.883333 0.000000
5.887500 0.000000
5.891667 0.000000
5.895833 0.000000
5.900000 0.000000
5.904167 0.000000
5.908333 0.000000
5.912500 0.000000
5.916667 0.000000
5.920833 0.000000
5.925000 0.000000
5.929167 0.000000
5.933333 0.000000
5.937500 0.000000
5.941667 0.000000
5.945833 0.000000
5.950000 0.000000
5.954167 0.000000
5.958333 0.000000
5.962500 0.000000
5.966667 0.000000
5.970833 0.000000
5.975000 0.000000
5.979167 0.000000
5.983333 0.000000
5.987500 0.000000
5.991667 0.000000
5.995833 0.000000
6.000000 0.000000
6.004167 0.000000
6.008333 0.000000
6.012500 0.000000
6.016667 0.000000
6.020833 0.000000
6.025000 0.000000
6.029167 0.000000
6.033333 0.000000
6.037500 0.000000
6.041667 0.000000
6.045833 0.000000
6.050000 0.000000
6.054167 0.000000
6.058333 0.000000
6.062500 0.000000
6.066667 0.000000
6.070833 0.000000
6.075000 0.000000
6.079167 0.000000
6.083333 0.000000
6.087500 0.000000
6.091667 0.000000
6.095833 0.000000
6.100000 0.000000
6.104167 0.000000
6.108333 0.000000
6.112500 0.000000
6.116667 0.000000
6.120833 0.000000
6.125000 0.000000
6.129167 0.000000
6.133333 0.000000
6.137500 0.000000
6.141667 0.000000
6.145833 0.000000
6.150000 0.000000
6.154167 0.000000
6.158333 0.000000
6.162500 0.000000
6.166667 0.000000
6.170833 0.000000
6.175000 0.000000
6.179167 0.000000
6.183333 0.000000
6.187500 0.000000
6.191667 0.000000
6.195833 0.000000
6.200000 0.000000
6.204167 0.000000
6.208333 0.000000
6.212500 0.000000
6.216667 0.000000
6.220833 0.000000
6.225000 0.000000
6.229167 0.000000
6.233333 0.000000
6.237500 0.000000
6.241667 0.000000
6.245833 0.000000
6.250000 0.000000
6.254167 0.000000
6.258333 0.000000
6.262500 0.000000
6.266667 0.000000
6.270833 0.000000
6.275000 0.000000
6.279167 0.000000
6.283333 0.000000
6.287500 0.000000
6.291667 0.000000
6.295833 0.000000
6.300000 0.000000
6.304167 0.000000
6.308333 0.000000
6.312500 0.000000
6.316667 0.000000
6.320833 0.000000
6.325000 0.000000
6.329167 0.000000
6.333333 0.000000
6.337500 0.000000
6.341667 0.000000
6.345833 0.000000
6.350000 0.000000
6.354167 0.000000
6.358333 0.000000
6.362500 0.000000
6.366667 0.000000
6.370833 0.000000
6.375000 0.000000
6.379167 0.000000
6.383333 0.000000
6.387500 0.000000
6.391667 0.000000
6.395833 0.000000
6.400000 0.000000
6.404167 0.000000
6.408333 0.000000
6.412500 0.000000
6.416667 0.000000
6.420833 0.000000
6.425000 0.000000
6.429167 0.000000
6.433333 0.000000
6.437500 0.000000
6.441667 0.000000
6.445833 0.000000
6.450000 0.000000
6.454167 0.000000
6.458333 0.000000
6.462500 0.000000
6.466667 0.000000
6.470833 0.000000
6.475000 0.000000
6.479167 0.000000
6.483333 0.000000
6.487500 0.000000
6.491667 0.000000
6.495833 0.000000
6.500000 0.000000
6.504167 0.000000
6.508333 0.000000
6.512500 0.000000
6.516667 0.000000
6.520833 0.000000
6.525000 0.000000
6.529167 0.000000
6.533333 0.000000
6.537500 0.000000
6.541667 0.000000
6.545833 0.000000
6.550000 0.000000
6.554167 0.000000
6.558333 0.000000
6.562500 0.000000
6.566667 0.000000
6.570833 0.000000
6.575000 0.000000
6.579167 0.000000
6.583333 0.000000
6.587500 0.000000
6.591667 0.000000
6.595833 0.000000
6.600000 0.000000
6.604167 0.000000
6.608333 0.000000
6.612500 0.000000
6.616667 0.000000
6.620833 0.000000
6.625000 0.000000
6.629167 0.000000
6.633333 0.000000
6.637500 0.000000
6.641667 0.000000
6.645833 0.000000
6.650000 0.000000
6.654167 0.000000
6.658333 0.000000
6.662500 0.000000
6.666667 0.000000
6.670833 0.000000
6.675000 0.000000
6.679167 0.000000
6.683333 0.000000
6.687500 0.000000
6.691667 0.000000
6.695833 0.000000
6.700000 0.000000
6.704167 0.000000
6.708333 0.000000
6.712500 0.000000
6.716667 0.000000
6.720833 0.000000
6.725000 0.000000
6.729167 0.000000
6.733333 0.000000
6.737500 0.000000
6.741667 0.000000
6.745833 0.000000
6.750000 0.000000
6.754167 0.000000
6.758333 0.000000
6.762500 0.000000
6.766667 0.000000
6.770833 0.000000
6.775000 0.000000
6.779167 0.000000
6.783333 0.000000
6.787500 0.000000
6.791667 0.000000
6.795833 0.000000
6.800000 0.000000
6.804167 0.000000
6.808333 0.000000
6.812500 0.000000
6.816667 0.000000
6.820833 0.000000
6.825000 0.000000
6.829167 0.000000
6.833333 0.000000
6.837500 0.000000
6.841667 0.000000
6.845833 0.000000
6.850000 0.000000
6.854167 0.000000
6.858333 0.000000
6.862500 0.000000
6.866667 0.000000
6.870833 0.000000
6.875000 0.000000
6.879167 0.000000
6.883333 0.000000
6.887500 0.000000
6.891667 0.000000
6.895833 0.000000
6.900000 0.000000
6.904167 0.000000
6.908333 0.000000
6.912500 0.000000
6.916667 0.000000
6.920833 0.000000
6.925000 0.000000
6.929167 0.000000
6.933333 0.000000
6.937500 0.000000
6.941667 0.000000
6.945833 0.000000
6.950000 0.000000
6.954167 0.000000
6.958333 0.000000
6.962500 0.000000
6.966667 0.000000
6.970833 0.000000
6.975000 0.000000
6.979167 0.000000
6.983333 0.000000
6.987500 0.000000
6.991667 0.000000
6.995833 0.000000
7.000000 0.000000
7.004167 0.000000
7.008333 0.000000
7.012500 0.000000
7.016667 0.000000
7.020833 0.000000
7.025000 0.000000
7.029167 0.000000
7.033333 0.000000
7.037500 0.000000
7.041667 0.000000
7.045833 0.000000
7.050000 0.000000
7.054167 0.000000
7.058333 0.000000
7.062500 0.000000
7.066667 0.000000
7.070833 0.000000
7.075000 0.000000
7.079167 0.000000
7.083333 0.000000
7.087500 0.000000
7.091667 0.000000
7.095833 0.000000
7.100000 0.000000
7.104167 0.000000
7.108333 0.000000
7.112500 0.000000
7.116667 0.000000
7.120833 0.000000
7.125000 0.002424
7.129167 0.027675
7.133333 0.082790
7.137500 0.107886
7.141667 0.110046
7.145833 0.109710
7.150000 0.109320
7.154167 0.108888
7.158333 0.108426
7.162500 0.107944
7.166667 0.107451
7.170833 0.106954
7.175000 0.106461
7.179167 0.105979
7.183333 0.105513
7.187500 0.105071
7.191667 0.104657
7.195833 0.104279
7.200000 0.103941
7.204167 0.103650
7.208333 0.103413
7.212500 0.103235
7.216667 0.103125
7.220833 0.103103
7.225000 0.103210
7.229167 0.103483
7.233333 0.103934
7.237500 0.104558
7.241667 0.105350
7.245833 0.106303
7.250000 0.107407
7.254167 0.108648
7.258333 0.110012
7.262500 0.111476
7.266667 0.113011
7.270833 0.114580
7.275000 0.116130
7.279167 0.117587
7.283333 0.118843
7.287500 0.119753
7.291667 0.120235
7.295833 0.120486
7.300000 0.120796
7.304167 0.121252
7.308333 0.121824
7.312500 0.122477
7.316667 0.123179
7.320833 0.123900
7.325000 0.124613
7.329167 0.125296
7.333333 0.125930
7.337500 0.126496
7.341667 0.126982
7.345833 0.127374
7.350000 0.127663
7.354167 0.127841
7.358333 0.127907
7.362500 0.127871
7.366667 0.127748
7.370833 0.127545
7.375000 0.127266
7.379167 0.126914
7.383333 0.126492
7.387500 0.126003
7.391667 0.125452
7.395833 0.124842
7.400000 0.124179
7.404167 0.123468
7.408333 0.122716
7.412500 0.121931
7.416667 0.121124
7.420833 0.120309
7.425000 0.119505
7.429167 0.118743
7.433333 0.118070
7.437500 0.117566
7.441667 0.117312
7.445833 0.117274
7.450000 0.117327
7.454167 0.117402
7.458333 0.117486
7.462500 0.117572
7.466667 0.117658
7.470833 0.117740
7.475000 0.117818
7.479167 0.117889
7.483333 0.117954
7.487500 0.118011
7.491667 0.118059
7.495833 0.118097
7.500000 0.118125
7.504167 0.118145
7.508333 0.118180
7.512500 0.118303
7.516667 0.118583
7.520833 0.119042
7.525000 0.119678
7.529167 0.120486
7.533333 0.121464
7.537500 0.122605
7.541667 0.123906
7.545833 0.125361
7.550000 0.126964
7.554167 0.128709
7.558333 0.130587
7.562500 0.132586
7.566667 0.134690
7.570833 0.136873
7.575000 0.139091
7.579167 0.141247
7.583333 0.143085
7.587500 0.144147
7.591667 0.144260
7.595833 0.143836
7.600000 0.143154
7.604167 0.142289
7.608333 0.141290
7.612500 0.140201
7.616667 0.139059
7.620833 0.137900
7.625000 0.136755
7.629167 0.135650
7.633333 0.134612
7.637500 0.133660
7.641667 0.132815
7.645833 0.132095
7.650000 0.131513
7.654167 0.131085
7.658333 0.130818
7.662500 0.130689
7.666667 0.130605
7.670833 0.130470
7.675000 0.130253
7.679167 0.129955
7.683333 0.129579
7.687500 0.129131
7.691667 0.128618
7.695833 0.128046
7.700000 0.127426
7.704167 0.126768
7.708333 0.126087
7.712500 0.125400
7.716667 0.124727
7.720833 0.124093
7.725000 0.123528
7.729167 0.123070
7.733333 0.122755
7.737500 0.122557
7.741667 0.122320
7.745833 0.121920
7.750000 0.121378
7.754167 0.120756
7.758333 0.120095
7.762500 0.119422
7.766667 0.118755
7.770833 0.118110
7.775000 0.117496
7.779167 0.116923
7.783333 0.116399
7.787500 0.115928
7.791667 0.115518
7.795833 0.115173
7.800000 0.114898
7.804167 0.114697
7.808333 0.114575
7.812500 0.114559
7.816667 0.114710
7.820833 0.115084
7.825000 0.115695
7.829167 0.116533
7.833333 0.117588
7.837500 0.118848
7.841667 0.120304
7.845833 0.121944
7.850000 0.123754
7.854167 0.125718
7.858333 0.127817
7.862500 0.130026
7.866667 0.132308
7.870833 0.134601
7.875000 0.136787
7.879167 0.138592
7.883333 0.139597
7.887500 0.139705
7.891667 0.139321
7.895833 0.138695
7.900000 0.137890
7.904167 0.136950
7.908333 0.135917
7.912500 0.134829
7.916667 0.133722
7.920833 0.132626
7.925000 0.131571
7.929167 0.130582
7.933333 0.129680
7.937500 0.128884
7.941667 0.128210
7.945833 0.127670
7.950000 0.127275
7.954167 0.127030
7.958333 0.126904
7.962500 0.126789
7.966667 0.126578
7.970833 0.126239
7.975000 0.125777
7.979167 0.125201
7.983333 0.124520
7.987500 0.123745
7.991667 0.122890
7.995833 0.121970
8.000000 0.121003
8.004167 0.120011
8.008333 0.119021
8.012500 0.118068
8.016667 0.117196
8.020833 0.116466
8.025000 0.115954
8.029167 0.115709
8.033333 0.115659
8.037500 0.115677
8.041667 0.115706
8.045833 0.115739
8.050000 0.115772
8.054167 0.115806
8.058333 0.115839
8.062500 0.115870
8.066667 0.115898
8.070833 0.115924
8.075000 0.115947
8.079167 0.115966
8.083333 0.115982
8.087500 0.115994
8.091667 0.116003
8.095833 0.116032
8.100000 0.116146
8.104167 0.116406
8.108333 0.116828
8.112500 0.117407
8.116667 0.118135
8.120833 0.119007
8.125000 0.120015
8.129167 0.121155
8.133333 0.122420
8.137500 0.123804
8.141667 0.125301
8.145833 0.126906
8.150000 0.128610
8.154167 0.130406
8.158333 0.132281
8.162500 0.134220
8.166667 0.136194
8.170833 0.138139
8.175000 0.139848
8.179167 0.140829
8.183333 0.140683
8.187500 0.139658
8.191667 0.138023
8.195833 0.135903
8.200000 0.133413
8.204167 0.130667
8.208333 0.127775
8.212500 0.124839
8.216667 0.121952
8.220833 0.119193
8.225000 0.116631
8.229167 0.114320
8.233333 0.112304
8.237500 0.110618
8.241667 0.109285
8.245833 0.108324
8.250000 0.107737
8.254167 0.107459
8.258333 0.107286
8.262500 0.107018
8.266667 0.106593
8.270833 0.106016
8.275000 0.105302
8.279167 0.104466
8.283333 0.103528
8.287500 0.102509
8.291667 0.101432
8.295833 0.100325
8.300000 0.099221
8.304167 0.098154
8.308333 0.097165
8.312500 0.096301
8.316667 0.095614
8.320833 0.095159
8.325000 0.094964
8.329167 0.094975
8.333333 0.095094
8.337500 0.095262
8.341667 0.095458
8.345833 0.095667
8.350000 0.095882
8.354167 0.096095
8.358333 0.096302
8.362500 0.096500
8.366667 0.096684
8.370833 0.096853
8.375000 0.097005
8.379167 0.097138
8.383333 0.097249
8.387500 0.097338
8.391667 0.097403
8.395833 0.097446
8.400000 0.097502
8.404167 0.097676
8.408333 0.098063
8.412500 0.098690
8.416667 0.099545
8.420833 0.100616
8.425000 0.101891
8.429167 0.103357
8.433333 0.105003
8.437500 0.106817
8.441667 0.108785
8.445833 0.110892
8.450000 0.113120
8.454167 0.115446
8.458333 0.117837
8.462500 0.120238
8.466667 0.122540
8.470833 0.124469
8.475000 0.125553
8.479167 0.125611
8.483333 0.125055
8.487500 0.124179
8.491667 0.123083
8.495833 0.121840
8.500000 0.120516
8.504167 0.119168
8.508333 0.117845
8.512500 0.116588
8.516667 0.115433
8.520833 0.114409
8.525000 0.113540
8.529167 0.112843
8.533333 0.112334
8.537500 0.112019
8.541667 0.111863
8.545833 0.111742
8.550000 0.111534
8.554167 0.111200
8.558333 0.110740
8.562500 0.110163
8.566667 0.109474
8.570833 0.108681
8.575000 0.107791
8.579167 0.106814
8.583333 0.105760
8.587500 0.104641
8.591667 0.103473
8.595833 0.102273
8.600000 0.101067
8.604167 0.099886
8.608333 0.098779
8.612500 0.097816
8.616667 0.097121
8.620833 0.096895
8.625000 0.097321
8.629167 0.098323
8.633333 0.099678
8.637500 0.101207
8.641667 0.102799
8.645833 0.104379
8.650000 0.105896
8.654167 0.107313
8.658333 0.108600
8.662500 0.109733
8.666667 0.110692
8.670833 0.111461
8.675000 0.112025
8.679167 0.112375
8.683333 0.112555
8.687500 0.112712
8.691667 0.112996
8.695833 0.113454
8.700000 0.114086
8.704167 0.114885
8.708333 0.115846
8.712500 0.116963
8.716667 0.118230
8.720833 0.119641
8.725000 0.121192
8.729167 0.122874
8.733333 0.124681
8.737500 0.126603
8.741667 0.128631
8.745833 0.130748
8.750000 0.132932
8.754167 0.135144
8.758333 0.137297
8.762500 0.139138
8.766667 0.140094
8.770833 0.139687
8.775000 0.138213
8.779167 0.136104
8.783333 0.133621
8.787500 0.130935
8.791667 0.128170
8.795833 0.125414
8.800000 0.122735
8.804167 0.120187
8.808333 0.117811
8.812500 0.115641
8.816667 0.113705
8.820833 0.112025
8.825000 0.110620
8.829167 0.109507
8.833333 0.108698
8.837500 0.108202
8.841667 0.107972
8.845833 0.107851
8.850000 0.107682
8.854167 0.107412
8.858333 0.107040
8.862500 0.106570
8.866667 0.106006
8.870833 0.105355
8.875000 0.104622
8.879167 0.103814
8.883333 0.102943
8.887500 0.102018
8.891667 0.101055
8.895833 0.100073
8.900000 0.099101
8.904167 0.098179
8.908333 0.097369
8.912500 0.096764
8.916667 0.096385
8.920833 0.096040
8.925000 0.095556
8.929167 0.094960
8.933333 0.094323
8.937500 0.093683
8.941667 0.093059
8.945833 0.092466
8.950000 0.091913
8.954167 0.091407
8.958333 0.090954
8.962500 0.090560
8.966667 0.090227
8.970833 0.089962
8.975000 0.089768
8.979167 0.089650
8.983333 0.089628
8.987500 0.089746
8.991667 0.090047
8.995833 0.090543
9.000000 0.091231
9.004167 0.092109
9.008333 0.093172
9.012500 0.094417
9.016667 0.095839
9.020833 0.097433
9.025000 0.099193
9.029167 0.101112
9.033333 0.103181
9.037500 0.105386
9.041667 0.107710
9.045833 0.110122
9.050000 0.112570
9.054167 0.114943
9.058333 0.116959
9.062500 0.118192
9.066667 0.118664
9.070833 0.118984
9.075000 0.119441
9.079167 0.120040
9.083333 0.120750
9.087500 0.121537
9.091667 0.122369
9.095833 0.123212
9.100000 0.124033
9.104167 0.124806
9.108333 0.125502
9.112500 0.126102
9.116667 0.126588
9.120833 0.126946
9.125000 0.127165
9.129167 0.127247
9.133333 0.127208
9.137500 0.127067
9.141667 0.126835
9.145833 0.126515
9.150000 0.126112
9.154167 0.125628
9.158333 0.125070
9.162500 0.124441
9.166667 0.123748
9.170833 0.122999
9.175000 0.122201
9.179167 0.121365
9.183333 0.120503
9.187500 0.119630
9.191667 0.118767
9.195833 0.117939
9.200000 0.117180
9.204167 0.116541
9.208333 0.116090
9.212500 0.115890
9.216667 0.115917
9.220833 0.116069
9.225000 0.116275
9.229167 0.116503
9.233333 0.116738
9.237500 0.116969
9.241667 0.117191
9.245833 0.117399
9.250000 0.117589
9.254167 0.117758
9.258333 0.117905
9.262500 0.118028
9.266667 0.118126
9.270833 0.118196
9.275000 0.118241
9.279167 0.118277
9.283333 0.118355
9.287500 0.118526
9.291667 0.118804
9.295833 0.119189
9.300000 0.119676
9.304167 0.120264
9.308333 0.120950
9.312500 0.121732
9.316667 0.122607
9.320833 0.123573
9.325000 0.124629
9.329167 0.125773
9.333333 0.127002
9.337500 0.128316
9.341667 0.129711
9.345833 0.131184
9.350000 0.132730
9.354167 0.134327
9.358333 0.135864
9.362500 0.136920
9.366667 0.137057
9.370833 0.136595
9.375000 0.135813
9.379167 0.134779
9.383333 0.133540
9.387500 0.132153
9.391667 0.130678
9.395833 0.129177
9.400000 0.127715
9.404167 0.126353
9.408333 0.125147
9.412500 0.124148
9.416667 0.123398
9.420833 0.122927
9.425000 0.122709
9.429167 0.122611
9.433333 0.122490
9.437500 0.122299
9.441667 0.122037
9.445833 0.121707
9.450000 0.121311
9.454167 0.120854
9.458333 0.120339
9.462500 0.119771
9.466667 0.119153
9.470833 0.118492
9.475000 0.117793
9.479167 0.117063
9.483333 0.116312
9.487500 0.115551
9.491667 0.114793
9.495833 0.114059
9.500000 0.113376
9.504167 0.112787
9.508333 0.112358
9.512500 0.112130
9.516667 0.112027
9.520833 0.111923
9.525000 0.111781
9.529167 0.111610
9.533333 0.111421
9.537500 0.111223
9.541667 0.111022
9.545833 0.110822
9.550000 0.110629
9.554167 0.110445
9.558333 0.110274
9.562500 0.110118
9.566667 0.109980
9.570833 0.109863
9.575000 0.109769
9.579167 0.109699
9.583333 0.109657
9.587500 0.109664
9.591667 0.109773
9.595833 0.110034
9.600000 0.110460
9.604167 0.111048
9.608333 0.111791
9.612500 0.112685
9.616667 0.113722
9.620833 0.114899
9.625000 0.116206
9.629167 0.117638
9.633333 0.119186
9.637500 0.120839
9.641667 0.122583
9.645833 0.124401
9.650000 0.126265
9.654167 0.128130
9.658333 0.129902
9.662500 0.131368
9.666667 0.132223
9.670833 0.132474
9.675000 0.132522
9.679167 0.132567
9.683333 0.132626
9.687500 0.132696
9.691667 0.132776
9.695833 0.132861
9.700000 0.132951
9.704167 0.133042
9.708333 0.133132
9.712500 0.133218
9.716667 0.133298
9.720833 0.133370
9.725000 0.133432
9.729167 0.133482
9.733333 0.133520
9.737500 0.133542
9.741667 0.133537
9.745833 0.133471
9.750000 0.133314
9.754167 0.133059
9.758333 0.132710
9.762500 0.132271
9.766667 0.131751
9.770833 0.131156
9.775000 0.130494
9.779167 0.129777
9.783333 0.129017
9.787500 0.128227
9.791667 0.127426
9.795833 0.126636
9.800000 0.125883
9.804167 0.125202
9.808333 0.124639
9.812500 0.124250
9.816667 0.124070
9.820833 0.124050
9.825000 0.124105
9.829167 0.124193
9.833333 0.124307
9.837500 0.124440
9.841667 0.124587
9.845833 0.124742
9.850000 0.124901
9.854167 0.125060
9.858333 0.125213
9.862500 0.125358
9.866667 0.125491
9.870833 0.125607
9.875000 0.125703
9.879167 0.125775
9.883333 0.125823
9.887500 0.125876
9.891667 0.126020
9.895833 0.126340
9.900000 0.126860
9.904167 0.127572
9.908333 0.128468
9.912500 0.129538
9.916667 0.130773
9.920833 0.132162
9.925000 0.133694
9.929167 0.135357
9.933333 0.137137
9.937500 0.139015
9.941667 0.140967
9.945833 0.142957
9.950000 0.144930
9.954167 0.146779
9.958333 0.148263
9.962500 0.148947
9.966667 0.148479
9.970833 0.146927
9.975000 0.144473
9.979167 0.141275
9.983333 0.137502
9.987500 0.133326
9.991667 0.128924
9.995833 0.124467
10.000000 0.120116
10.004167 0.116020
10.008333 0.112314
10.012500 0.109111
10.016667 0.106508
10.020833 0.104584
10.025000 0.103390
10.029167 0.102854
10.033333 0.102668
10.037500 0.102506
10.041667 0.102257
10.045833 0.101916
10.050000 0.101488
10.054167 0.100977
10.058333 0.100391
10.062500 0.099736
10.066667 0.099018
10.070833 0.098246
10.075000 0.097431
10.079167 0.096583
10.083333 0.095715
10.087500 0.094844
10.091667 0.093990
10.095833 0.093179
10.100000 0.092444
10.104167 0.091833
10.108333 0.091421
10.112500 0.091411
10.116667 0.092157
10.120833 0.093802
10.125000 0.096154
10.129167 0.098959
10.133333 0.102020
10.137500 0.105189
10.141667 0.108354
10.145833 0.111426
10.150000 0.114336
10.154167 0.117026
10.158333 0.119450
10.162500 0.121570
10.166667 0.123355
10.170833 0.124776
10.175000 0.125813
10.179167 0.126452
10.183333 0.126761
10.187500 0.126965
10.191667 0.127292
10.195833 0.127812
10.200000 0.128521
10.204167 0.129408
10.208333 0.130462
10.212500 0.131673
10.216667 0.133030
10.220833 0.134522
10.225000 0.136138
10.229167 0.137864
10.233333 0.139684
10.237500 0.141579
10.241667 0.143519
10.245833 0.145457
10.250000 0.147300
10.254167 0.148820
10.258333 0.149584
10.262500 0.149277
10.266667 0.148062
10.270833 0.146160
10.275000 0.143713
10.279167 0.140848
10.283333 0.137688
10.287500 0.134348
10.291667 0.130937
10.295833 0.127557
10.300000 0.124303
10.304167 0.121263
10.308333 0.118517
10.312500 0.116139
10.316667 0.114196
10.320833 0.112748
10.325000 0.111841
10.329167 0.111435
10.333333 0.111306
10.337500 0.111215
10.341667 0.111077
10.345833 0.110887
10.350000 0.110647
10.354167 0.110359
10.358333 0.110029
10.362500 0.109659
10.366667 0.109256
10.370833 0.108826
10.375000 0.108378
10.379167 0.107920
10.383333 0.107465
10.387500 0.107025
10.391667 0.106617
10.395833 0.106259
10.400000 0.105972
10.404167 0.105783
10.408333 0.105724
10.412500 0.105824
10.416667 0.106075
10.420833 0.106444
10.425000 0.106895
10.429167 0.107403
10.433333 0.107948
10.437500 0.108513
10.441667 0.109086
10.445833 0.109657
10.450000 0.110215
10.454167 0.110752
10.458333 0.111260
10.462500 0.111733
10.466667 0.112163
10.470833 0.112544
10.475000 0.112871
10.479167 0.113135
10.483333 0.113332
10.487500 0.113458
10.491667 0.113554
10.495833 0.113751
10.500000 0.114176
10.504167 0.114866
10.508333 0.115814
10.512500 0.117007
10.516667 0.118435
10.520833 0.120084
10.525000 0.121939
10.529167 0.123984
10.533333 0.126193
10.537500 0.128533
10.541667 0.130948
10.545833 0.133322
10.550000 0.135354
10.554167 0.136521
10.558333 0.136613
10.562500 0.136065
10.566667 0.135178
10.570833 0.134043
10.575000 0.132725
10.579167 0.131289
10.583333 0.129793
10.587500 0.128296
10.591667 0.126846
10.595833 0.125491
10.600000 0.124270
10.604167 0.123218
10.608333 0.122365
10.612500 0.121734
10.616667 0.121341
10.620833 0.121158
10.625000 0.121064
10.629167 0.120934
10.633333 0.120727
10.637500 0.120443
10.641667 0.120085
10.645833 0.119658
10.650000 0.119165
10.654167 0.118612
10.658333 0.118005
10.662500 0.117352
10.666667 0.116662
10.670833 0.115944
10.675000 0.115214
10.679167 0.114487
10.683333 0.113786
10.687500 0.113141
10.691667 0.112596
10.695833 0.112200
10.700000 0.111898
10.704167 0.111394
10.708333 0.110431
10.712500 0.109038
10.716667 0.107343
10.720833 0.105457
10.725000 0.103465
10.729167 0.101439
10.733333 0.099435
10.737500 0.097501
10.741667 0.095681
10.745833 0.094011
10.750000 0.092525
10.754167 0.091252
10.758333 0.090220
10.762500 0.089456
10.766667 0.088982
10.770833 0.088810
10.775000 0.088927
10.779167 0.089303
10.783333 0.089924
10.787500 0.090781
10.791667 0.091865
10.795833 0.093169
10.800000 0.094684
10.804167 0.096402
10.808333 0.098313
10.812500 0.100405
10.816667 0.102662
10.820833 0.105065
10.825000 0.107584
10.829167 0.110166
10.833333 0.112698
10.837500 0.114894
10.841667 0.116377
10.845833 0.117396
10.850000 0.118805
10.854167 0.120876
10.858333 0.123459
10.862500 0.126372
10.866667 0.129454
10.870833 0.132563
10.875000 0.135582
10.879167 0.138416
10.883333 0.140989
10.887500 0.143241
10.891667 0.145131
10.895833 0.146626
10.900000 0.147707
10.904167 0.148362
10.908333 0.148619
10.912500 0.148572
10.916667 0.148320
10.920833 0.147902
10.925000 0.147329
10.929167 0.146609
10.933333 0.145748
10.937500 0.144755
10.941667 0.143638
10.945833 0.142408
10.950000 0.141075
10.954167 0.139653
10.958333 0.138158
10.962500 0.136613
10.966667 0.135050
10.970833 0.133519
10.975000 0.132110
10.979167 0.130991
10.983333 0.130295
10.987500 0.129772
10.991667 0.128994
10.995833 0.127870
11.000000 0.126488
11.004167 0.124938
11.008333 0.123292
11.012500 0.121609
11.016667 0.119938
11.020833 0.118319
11.025000 0.116788
11.029167 0.115371
11.033333 0.114093
11.037500 0.112974
11.041667 0.112032
11.045833 0.111281
11.050000 0.110733
11.054167 0.110399
11.058333 0.110289
11.062500 0.110417
11.066667 0.110786
11.070833 0.111392
11.075000 0.112226
11.079167 0.113280
11.083333 0.114544
11.087500 0.116011
11.091667 0.117671
11.095833 0.119514
11.100000 0.121529
11.104167 0.123702
11.108333 0.126018
11.112500 0.128453
11.116667 0.130974
11.120833 0.133524
11.125000 0.135987
11.129167 0.138065
11.133333 0.139242
11.137500 0.139321
11.141667 0.138727
11.145833 0.137742
11.150000 0.136441
11.154167 0.134887
11.158333 0.133145
11.162500 0.131282
11.166667 0.129362
11.170833 0.127445
11.175000 0.125583
11.179167 0.123818
11.183333 0.122186
11.187500 0.120711
11.191667 0.119415
11.195833 0.118310
11.200000 0.117403
11.204167 0.116700
11.208333 0.116200
11.212500 0.115898
11.216667 0.115755
11.220833 0.115657
11.225000 0.115496
11.229167 0.115237
11.233333 0.114884
11.237500 0.114440
11.241667 0.113913
11.245833 0.113310
11.250000 0.112639
11.254167 0.111912
11.258333 0.111140
11.262500 0.110338
11.266667 0.109523
11.270833 0.108718
11.275000 0.107950
11.279167 0.107254
11.283333 0.106676
11.287500 0.106287
11.291667 0.106240
11.295833 0.106749
11.300000 0.107799
11.304167 0.109176
11.308333 0.110701
11.312500 0.112271
11.316667 0.113825
11.320833 0.115320
11.325000 0.116727
11.329167 0.118021
11.333333 0.119184
11.337500 0.120201
11.341667 0.121058
11.345833 0.121742
11.350000 0.122243
11.354167 0.122555
11.358333 0.122722
11.362500 0.122892
11.366667 0.123213
11.370833 0.123728
11.375000 0.124433
11.379167 0.125316
11.383333 0.126370
11.387500 0.127586
11.391667 0.128957
11.395833 0.130476
11.400000 0.132134
11.404167 0.133927
11.408333 0.135846
11.412500 0.137886
11.416667 0.140036
11.420833 0.142287
11.425000 0.144624
11.429167 0.147023
11.433333 0.149423
11.437500 0.151597
11.441667 0.152900
11.445833 0.152707
11.450000 0.151337
11.454167 0.149174
11.458333 0.146395
11.462500 0.143143
11.466667 0.139552
11.470833 0.135750
11.475000 0.131857
11.479167 0.127985
11.483333 0.124240
11.487500 0.120723
11.491667 0.117528
11.495833 0.114742
11.500000 0.112450
11.504167 0.110729
11.508333 0.109645
11.512500 0.109154
11.516667 0.108993
11.520833 0.108867
11.525000 0.108676
11.529167 0.108412
11.533333 0.108076
11.537500 0.107673
11.541667 0.107204
11.545833 0.106674
11.550000 0.106085
11.554167 0.105442
11.558333 0.104751
11.562500 0.104018
11.566667 0.103249
11.570833 0.102456
11.575000 0.101649
11.579167 0.100846
11.583333 0.100066
11.587500 0.099343
11.591667 0.098722
11.595833 0.098277
11.600000 0.098122
11.604167 0.098353
11.608333 0.098954
11.612500 0.099835
11.616667 0.100906
11.620833 0.102092
11.625000 0.103335
11.629167 0.104590
11.633333 0.105819
11.637500 0.106991
11.641667 0.108081
11.645833 0.109067
11.650000 0.109933
11.654167 0.110663
11.658333 0.111247
11.662500 0.111673
11.666667 0.111937
11.670833 0.112075
11.675000 0.112205
11.679167 0.112449
11.683333 0.112845
11.687500 0.113392
11.691667 0.114085
11.695833 0.114920
11.700000 0.115891
11.704167 0.116992
11.708333 0.118214
11.712500 0.119548
11.716667 0.120982
11.720833 0.122496
11.725000 0.124065
11.729167 0.125644
11.733333 0.127144
11.737500 0.128378
11.741667 0.129114
11.745833 0.129451
11.750000 0.129784
11.754167 0.130277
11.758333 0.130913
11.762500 0.131657
11.766667 0.132472
11.770833 0.133322
11.775000 0.134174
11.779167 0.135000
11.783333 0.135774
11.787500 0.136477
11.791667 0.137092
11.795833 0.137608
11.800000 0.138016
11.804167 0.138311
11.808333 0.138490
11.812500 0.138558
11.816667 0.138538
11.820833 0.138453
11.825000 0.138311
11.829167 0.138114
11.833333 0.137865
11.837500 0.137565
11.841667 0.137216
11.845833 0.136821
11.850000 0.136383
11.854167 0.135905
11.858333 0.135390
11.862500 0.134845
11.866667 0.134274
11.870833 0.133685
11.875000 0.133087
11.879167 0.132493
11.883333 0.131919
11.887500 0.131389
11.891667 0.130937
11.895833 0.130605
11.900000 0.130361
11.904167 0.129985
11.908333 0.129286
11.912500 0.128290
11.916667 0.127095
11.920833 0.125780
11.925000 0.124406
11.929167 0.123020
11.933333 0.121658
11.937500 0.120353
11.941667 0.119131
11.945833 0.118015
11.950000 0.117026
11.954167 0.116182
11.958333 0.115500
11.962500 0.114996
11.966667 0.114684
11.970833 0.114575
11.975000 0.114666
11.979167 0.114944
11.983333 0.115400
11.987500 0.116024
11.991667 0.116808
11.995833 0.117744
12.000000 0.118826
12.004167 0.120044
12.008333 0.121393
12.012500 0.122864
12.016667 0.124449
12.020833 0.126140
12.025000 0.127927
12.029167 0.129797
12.033333 0.131737
12.037500 0.133727
12.041667 0.135737
12.045833 0.137722
12.050000 0.139588
12.054167 0.141115
12.058333 0.141959
12.062500 0.142032
12.066667 0.141669
12.070833 0.141087
12.075000 0.140357
12.079167 0.139534
12.083333 0.138666
12.087500 0.137795
12.091667 0.136954
12.095833 0.136167
12.100000 0.135448
12.104167 0.134810
12.108333 0.134258
12.112500 0.133794
12.116667 0.133418
12.120833 0.133131
12.125000 0.132929
12.129167 0.132808
12.133333 0.132743
12.137500 0.132669
12.141667 0.132526
12.145833 0.132292
12.150000 0.131970
12.154167 0.131562
12.158333 0.131073
12.162500 0.130505
12.166667 0.129864
12.170833 0.129153
12.175000 0.128379
12.179167 0.127547
12.183333 0.126664
12.187500 0.125739
12.191667 0.124784
12.195833 0.123812
12.200000 0.122841
12.204167 0.121897
12.208333 0.121015
12.212500 0.120251
12.216667 0.119688
12.220833 0.119337
12.225000 0.118987
12.229167 0.118404
12.233333 0.117580
12.237500 0.116599
12.241667 0.115533
12.245833 0.114438
12.250000 0.113358
12.254167 0.112329
12.258333 0.111379
12.262500 0.110531
12.266667 0.109806
12.270833 0.109221
12.275000 0.108789
12.279167 0.108523
12.283333 0.108435
12.287500 0.108536
12.291667 0.108828
12.295833 0.109310
12.300000 0.109976
12.304167 0.110823
12.308333 0.111844
12.312500 0.113034
12.316667 0.114386
12.320833 0.115895
12.325000 0.117552
12.329167 0.119346
12.333333 0.121264
12.337500 0.123288
12.341667 0.125388
12.345833 0.127517
12.350000 0.129570
12.354167 0.131297
12.358333 0.132304
12.362500 0.132527
12.366667 0.132400
12.370833 0.132165
12.375000 0.131858
12.379167 0.131495
12.383333 0.131092
12.387500 0.130665
12.391667 0.130229
12.395833 0.129798
12.400000 0.129385
12.404167 0.129000
12.408333 0.128652
12.412500 0.128348
12.416667 0.128093
12.420833 0.127892
12.425000 0.127746
12.429167 0.127656
12.433333 0.127602
12.437500 0.127523
12.441667 0.127361
12.445833 0.127101
12.450000 0.126749
12.454167 0.126314
12.458333 0.125805
12.462500 0.125233
12.466667 0.124610
12.470833 0.123949
12.475000 0.123267
12.479167 0.122579
12.483333 0.121904
12.487500 0.121263
12.491667 0.120677
12.495833 0.120173
12.500000 0.119778
12.504167 0.119512
12.508333 0.119315
12.512500 0.118965
12.516667 0.118289
12.520833 0.117308
12.525000 0.116110
12.529167 0.114768
12.533333 0.113337
12.537500 0.111862
12.541667 0.110381
12.545833 0.108925
12.550000 0.107523
12.554167 0.106200
12.558333 0.104981
12.562500 0.103889
12.566667 0.102946
12.570833 0.102174
12.575000 0.101596
12.579167 0.101235
12.583333 0.101119
12.587500 0.101279
12.591667 0.101729
12.595833 0.102464
12.600000 0.103472
12.604167 0.104739
12.608333 0.106253
12.612500 0.108002
12.616667 0.109974
12.620833 0.112155
12.625000 0.114531
12.629167 0.117084
12.633333 0.119791
12.637500 0.122621
12.641667 0.125518
12.645833 0.128365
12.650000 0.130835
12.654167 0.132293
12.658333 0.132427
12.662500 0.131769
12.666667 0.130689
12.670833 0.129285
12.675000 0.127623
12.679167 0.125771
12.683333 0.123792
12.687500 0.121748
12.691667 0.119696
12.695833 0.117691
12.700000 0.115785
12.704167 0.114021
12.708333 0.112444
12.712500 0.111090
12.716667 0.109992
12.720833 0.109181
12.725000 0.108675
12.729167 0.108443
12.733333 0.108339
12.737500 0.108213
12.741667 0.108013
12.745833 0.107738
12.750000 0.107390
12.754167 0.106973
12.758333 0.106490
12.762500 0.105948
12.766667 0.105350
12.770833 0.104704
12.775000 0.104017
12.779167 0.103299
12.783333 0.102561
12.787500 0.101817
12.791667 0.101086
12.795833 0.100389
12.800000 0.099758
12.804167 0.099233
12.808333 0.098872
12.812500 0.098765
12.816667 0.099012
12.820833 0.099629
12.825000 0.100552
12.829167 0.101708
12.833333 0.103035
12.837500 0.104483
12.841667 0.106013
12.845833 0.107588
12.850000 0.109176
12.854167 0.110749
12.858333 0.112279
12.862500 0.113739
12.866667 0.115103
12.870833 0.116344
12.875000 0.117432
12.879167 0.118339
12.883333 0.119030
12.887500 0.119476
12.891667 0.119702
12.895833 0.119865
12.900000 0.120139
12.904167 0.120580
12.908333 0.121187
12.912500 0.121956
12.916667 0.122881
12.920833 0.123955
12.925000 0.125174
12.929167 0.126530
12.933333 0.128016
12.937500 0.129623
12.941667 0.131336
12.945833 0.133138
12.950000 0.134996
12.954167 0.136834
12.958333 0.138438
12.962500 0.139350
12.966667 0.139279
12.970833 0.138570
12.975000 0.137564
12.979167 0.136416
12.983333 0.135217
12.987500 0.134025
12.991667 0.132878
12.995833 0.131797
13.000000 0.130797
13.004167 0.129884
13.008333 0.129064
13.012500 0.128337
13.016667 0.127704
13.020833 0.127162
13.025000 0.126711
13.029167 0.126348
13.033333 0.126069
13.037500 0.125874
13.041667 0.125755
13.045833 0.125671
13.050000 0.125513
13.054167 0.125178
13.058333 0.124640
13.062500 0.123911
13.066667 0.123006
13.070833 0.121938
13.075000 0.120721
13.079167 0.119369
13.083333 0.117894
13.087500 0.116312
13.091667 0.114638
13.095833 0.112891
13.100000 0.111089
13.104167 0.109259
13.108333 0.107431
13.112500 0.105648
13.116667 0.103972
13.120833 0.102502
13.125000 0.101420
13.129167 0.101035
13.133333 0.101643
13.137500 0.103230
13.141667 0.105575
13.145833 0.108443
13.150000 0.111646
13.154167 0.115033
13.158333 0.118479
13.162500 0.121886
13.166667 0.125171
13.170833 0.128268
13.175000 0.131120
13.179167 0.133683
13.183333 0.135917
13.187500 0.137792
13.191667 0.139282
13.195833 0.140364
13.200000 0.141030
13.204167 0.141341
13.208333 0.141511
13.212500 0.141755
13.216667 0.142144
13.220833 0.142678
13.225000 0.143352
13.229167 0.144159
13.233333 0.145093
13.237500 0.146149
13.241667 0.147321
13.245833 0.148602
13.250000 0.149984
13.254167 0.151461
13.258333 0.153022
13.262500 0.154656
13.266667 0.156345
13.270833 0.158066
13.275000 0.159780
13.279167 0.161404
13.283333 0.162745
13.287500 0.163476
13.291667 0.163464
13.295833 0.162965
13.300000 0.162162
13.304167 0.161128
13.308333 0.159921
13.312500 0.158601
13.316667 0.157226
13.320833 0.155848
13.325000 0.154512
13.329167 0.153260
13.333333 0.152123
13.337500 0.151126
13.341667 0.150290
13.345833 0.149628
13.350000 0.149149
13.354167 0.148857
13.358333 0.148711
13.362500 0.148594
13.366667 0.148388
13.370833 0.148054
13.375000 0.147593
13.379167 0.147011
13.383333 0.146315
13.387500 0.145512
13.391667 0.144611
13.395833 0.143624
13.400000 0.142564
13.404167 0.141448
13.408333 0.140300
13.412500 0.139147
13.416667 0.138026
13.420833 0.136988
13.425000 0.136107
13.429167 0.135481
13.433333 0.135198
13.437500 0.135228
13.441667 0.135449
13.445833 0.135786
13.450000 0.136205
13.454167 0.136678
13.458333 0.137186
13.462500 0.137711
13.466667 0.138237
13.470833 0.138753
13.475000 0.139245
13.479167 0.139706
13.483333 0.140125
13.487500 0.140497
13.491667 0.140813
13.495833 0.141067
13.500000 0.141254
13.504167 0.141372
13.508333 0.141450
13.512500 0.141581
13.516667 0.141857
13.520833 0.142307
13.525000 0.142929
13.529167 0.143718
13.533333 0.144670
13.537500 0.145780
13.541667 0.147044
13.545833 0.148455
13.550000 0.150008
13.554167 0.151696
13.558333 0.153511
13.562500 0.155442
13.566667 0.157475
13.570833 0.159586
13.575000 0.161736
13.579167 0.163836
13.583333 0.165634
13.587500 0.166591
13.591667 0.166270
13.595833 0.164867
13.600000 0.162646
13.604167 0.159770
13.608333 0.156395
13.612500 0.152680
13.616667 0.148785
13.620833 0.144867
13.625000 0.141079
13.629167 0.137564
13.633333 0.134455
13.637500 0.131873
13.641667 0.129926
13.645833 0.128697
13.650000 0.128148
13.654167 0.127991
13.658333 0.127909
13.662500 0.127792
13.666667 0.127632
13.670833 0.127430
13.675000 0.127190
13.679167 0.126913
13.683333 0.126604
13.687500 0.126264
13.691667 0.125899
13.695833 0.125511
13.700000 0.125105
13.704167 0.124686
13.708333 0.124260
13.712500 0.123833
13.716667 0.123413
13.720833 0.123006
13.725000 0.122624
13.729167 0.122277
13.733333 0.121977
13.737500 0.121741
13.741667 0.121581
13.745833 0.121468
13.750000 0.121277
13.754167 0.120906
13.758333 0.120360
13.762500 0.119688
13.766667 0.118933
13.770833 0.118134
13.775000 0.117319
13.779167 0.116511
13.783333 0.115731
13.787500 0.114993
13.791667 0.114309
13.795833 0.113689
13.800000 0.113140
13.804167 0.112668
13.808333 0.112276
13.812500 0.111969
13.816667 0.111748
13.820833 0.111617
13.825000 0.111590
13.829167 0.111710
13.833333 0.112020
13.837500 0.112530
13.841667 0.113238
13.845833 0.114138
13.850000 0.115226
13.854167 0.116496
13.858333 0.117941
13.862500 0.119553
13.866667 0.121319
13.870833 0.123226
13.875000 0.125251
13.879167 0.127360
13.883333 0.129498
13.887500 0.131547
13.891667 0.133245
13.895833 0.134218
13.900000 0.134452
13.904167 0.134388
13.908333 0.134255
13.912500 0.134083
13.916667 0.133880
13.920833 0.133652
13.925000 0.133405
13.929167 0.133145
13.933333 0.132878
13.937500 0.132609
13.941667 0.132342
13.945833 0.132085
13.950000 0.131843
13.954167 0.131624
13.958333 0.131434
13.962500 0.131284
13.966667 0.131185
13.970833 0.131137
13.975000 0.131118
13.979167 0.131100
13.983333 0.131070
13.987500 0.131029
13.991667 0.130977
13.995833 0.130915
14.000000 0.130844
14.004167 0.130764
14.008333 0.130677
14.012500 0.130584
14.016667 0.130488
14.020833 0.130392
14.025000 0.130296
14.029167 0.130206
14.033333 0.130124
14.037500 0.130054
14.041667 0.129999
14.045833 0.129954
14.050000 0.129809
14.054167 0.129283
14.058333 0.128208
14.062500 0.126677
14.066667 0.124849
14.070833 0.122844
14.075000 0.120751
14.079167 0.118639
14.083333 0.116564
14.087500 0.114572
14.091667 0.112703
14.095833 0.110992
14.100000 0.109470
14.104167 0.108167
14.108333 0.107111
14.112500 0.106326
14.116667 0.105838
14.120833 0.105651
14.125000 0.105726
14.129167 0.106013
14.133333 0.106490
14.137500 0.107156
14.141667 0.108006
14.145833 0.109039
14.150000 0.110251
14.154167 0.111639
14.158333 0.113198
14.162500 0.114922
14.166667 0.116805
14.170833 0.118835
14.175000 0.120999
14.179167 0.123276
14.183333 0.125632
14.187500 0.128009
14.191667 0.130285
14.195833 0.132170
14.200000 0.133195
14.204167 0.133183
14.208333 0.132495
14.212500 0.131387
14.216667 0.129950
14.220833 0.128255
14.225000 0.126374
14.229167 0.124376
14.233333 0.122325
14.237500 0.120279
14.241667 0.118291
14.245833 0.116406
14.250000 0.114663
14.254167 0.113094
14.258333 0.111726
14.262500 0.110579
14.266667 0.109672
14.270833 0.109014
14.275000 0.108611
14.279167 0.108412
14.283333 0.108256
14.287500 0.107988
14.291667 0.107562
14.295833 0.106985
14.300000 0.106273
14.304167 0.105441
14.308333 0.104505
14.312500 0.103487
14.316667 0.102407
14.320833 0.101292
14.325000 0.100170
14.329167 0.099074
14.333333 0.098046
14.337500 0.097132
14.341667 0.096391
14.345833 0.095892
14.350000 0.095710
14.354167 0.095873
14.358333 0.096333
14.362500 0.097014
14.366667 0.097848
14.370833 0.098784
14.375000 0.099783
14.379167 0.100812
14.383333 0.101845
14.387500 0.102861
14.391667 0.103842
14.395833 0.104773
14.400000 0.105641
14.404167 0.106435
14.408333 0.107145
14.412500 0.107763
14.416667 0.108282
14.420833 0.108694
14.425000 0.108995
14.429167 0.109182
14.433333 0.109298
14.437500 0.109475
14.441667 0.109844
14.445833 0.110447
14.450000 0.111282
14.454167 0.112343
14.458333 0.113622
14.462500 0.115110
14.466667 0.116794
14.470833 0.118657
14.475000 0.120677
14.479167 0.122823
14.483333 0.125047
14.487500 0.127270
14.491667 0.129350
14.495833 0.131010
14.500000 0.131949
14.504167 0.132302
14.508333 0.132552
14.512500 0.132892
14.516667 0.133309
14.520833 0.133771
14.525000 0.134251
14.529167 0.134725
14.533333 0.135175
14.537500 0.135582
14.541667 0.135934
14.545833 0.136220
14.550000 0.136432
14.554167 0.136562
14.558333 0.136606
14.562500 0.136561
14.566667 0.136429
14.570833 0.136211
14.575000 0.135911
14.579167 0.135532
14.583333 0.135078
14.587500 0.134551
14.591667 0.133956
14.595833 0.133298
14.600000 0.132581
14.604167 0.131811
14.608333 0.130995
14.612500 0.130140
14.616667 0.129255
14.620833 0.128352
14.625000 0.127444
14.629167 0.126550
14.633333 0.125693
14.637500 0.124907
14.641667 0.124241
14.645833 0.123766
14.650000 0.123548
14.654167 0.123552
14.658333 0.123659
14.662500 0.123799
14.666667 0.123948
14.670833 0.124096
14.675000 0.124239
14.679167 0.124373
14.683333 0.124498
14.687500 0.124611
14.691667 0.124711
14.695833 0.124797
14.700000 0.124868
14.704167 0.124925
14.708333 0.124966
14.712500 0.124994
14.716667 0.125042
14.720833 0.125208
14.725000 0.125577
14.729167 0.126168
14.733333 0.126967
14.737500 0.127957
14.741667 0.129128
14.745833 0.130465
14.750000 0.131959
14.754167 0.133601
14.758333 0.135379
14.762500 0.137287
14.766667 0.139314
14.770833 0.141450
14.775000 0.143683
14.779167 0.145992
14.783333 0.148331
14.787500 0.150498
14.791667 0.151813
14.795833 0.151537
14.800000 0.150053
14.804167 0.147926
14.808333 0.145474
14.812500 0.142910
14.816667 0.140382
14.820833 0.137985
14.825000 0.135783
14.829167 0.133816
14.833333 0.132104
14.837500 0.130659
14.841667 0.129486
14.845833 0.128583
14.850000 0.127945
14.854167 0.127563
14.858333 0.127387
14.862500 0.127287
14.866667 0.127137
14.870833 0.126898
14.875000 0.126570
14.879167 0.126154
14.883333 0.125656
14.887500 0.125079
14.891667 0.124425
14.895833 0.123699
14.900000 0.122905
14.904167 0.122046
14.908333 0.121127
14.912500 0.120153
14.916667 0.119129
14.920833 0.118063
14.925000 0.116963
14.929167 0.115839
14.933333 0.114707
14.937500 0.113586
14.941667 0.112511
14.945833 0.111541
14.950000 0.110772
14.954167 0.110158
14.958333 0.109251
14.962500 0.107724
14.966667 0.105737
14.970833 0.103546
14.975000 0.101309
14.979167 0.099124
14.983333 0.097055
14.987500 0.095146
14.991667 0.093433
14.995833 0.091940
15.000000 0.090688
15.004167 0.089693
15.008333 0.088970
15.012500 0.088529
15.016667 0.088369
15.020833 0.088471
15.025000 0.088807
15.029167 0.089366
15.033333 0.090146
15.037500 0.091143
15.041667 0.092356
15.045833 0.093779
15.050000 0.095408
15.054167 0.097235
15.058333 0.099249
15.062500 0.101437
15.066667 0.103776
15.070833 0.106228
15.075000 0.108730
15.079167 0.111146
15.083333 0.113164
15.087500 0.114347
15.091667 0.114714
15.095833 0.114821
15.100000 0.114937
15.104167 0.115077
15.108333 0.115229
15.112500 0.115385
15.116667 0.115541
15.120833 0.115691
15.125000 0.115831
15.129167 0.115959
15.133333 0.116073
15.137500 0.116172
15.141667 0.116254
15.145833 0.116318
15.150000 0.116365
15.154167 0.116391
15.158333 0.116383
15.162500 0.116299
15.166667 0.116100
15.170833 0.115776
15.175000 0.115334
15.179167 0.114781
15.183333 0.114128
15.187500 0.113385
15.191667 0.112566
15.195833 0.111684
15.200000 0.110757
15.204167 0.109806
15.208333 0.108853
15.212500 0.107927
15.216667 0.107061
15.220833 0.106295
15.225000 0.105676
15.229167 0.105267
15.233333 0.105180
15.237500 0.105584
15.241667 0.106544
15.245833 0.107972
15.250000 0.109742
15.254167 0.111745
15.258333 0.113890
15.262500 0.116102
15.266667 0.118313
15.270833 0.120467
15.275000 0.122512
15.279167 0.124402
15.283333 0.126095
15.287500 0.127554
15.291667 0.128742
15.295833 0.129626
15.300000 0.130182
15.304167 0.130452
15.308333 0.130626
15.312500 0.130902
15.316667 0.131347
15.320833 0.131962
15.325000 0.132741
15.329167 0.133680
15.333333 0.134774
15.337500 0.136018
15.341667 0.137405
15.345833 0.138930
15.350000 0.140585
15.354167 0.142361
15.358333 0.144247
15.362500 0.146227
15.366667 0.148275
15.370833 0.150350
15.375000 0.152362
15.379167 0.154059
15.383333 0.154893
15.387500 0.154337
15.391667 0.152436
15.395833 0.149412
15.400000 0.145481
15.404167 0.140902
15.408333 0.135964
15.412500 0.130958
15.416667 0.126154
15.420833 0.121782
15.425000 0.118024
15.429167 0.115007
15.433333 0.112813
15.437500 0.111477
15.441667 0.110894
15.445833 0.110719
15.450000 0.110608
15.454167 0.110442
15.458333 0.110213
15.462500 0.109924
15.466667 0.109578
15.470833 0.109179
15.475000 0.108731
15.479167 0.108238
15.483333 0.107705
15.487500 0.107138
15.491667 0.106545
15.495833 0.105933
15.500000 0.105313
15.504167 0.104697
15.508333 0.104099
15.512500 0.103538
15.516667 0.103038
15.520833 0.102628
15.525000 0.102346
15.529167 0.102188
15.533333 0.102059
15.537500 0.101855
15.541667 0.101566
15.545833 0.101220
15.550000 0.100839
15.554167 0.100440
15.558333 0.100037
15.562500 0.099641
15.566667 0.099260
15.570833 0.098902
15.575000 0.098576
15.579167 0.098285
15.583333 0.098037
15.587500 0.097836
15.591667 0.097687
15.595833 0.097596
15.600000 0.097587
15.604167 0.097715
15.608333 0.098033
15.612500 0.098555
15.616667 0.099275
15.620833 0.100188
15.625000 0.101286
15.629167 0.102561
15.633333 0.104004
15.637500 0.105605
15.641667 0.107350
15.645833 0.109225
15.650000 0.111209
15.654167 0.113278
15.658333 0.115396
15.662500 0.117514
15.666667 0.119555
15.670833 0.121390
15.675000 0.122796
15.679167 0.123592
15.683333 0.124013
15.687500 0.124508
15.691667 0.125203
15.695833 0.126036
15.700000 0.126935
15.704167 0.127844
15.708333 0.128722
15.712500 0.129536
15.716667 0.130266
15.720833 0.130896
15.725000 0.131417
15.729167 0.131824
15.733333 0.132115
15.737500 0.132288
15.741667 0.132337
15.745833 0.132244
15.750000 0.131992
15.754167 0.131582
15.758333 0.131021
15.762500 0.130319
15.766667 0.129484
15.770833 0.128527
15.775000 0.127458
15.779167 0.126291
15.783333 0.125039
15.787500 0.123721
15.791667 0.122358
15.795833 0.120977
15.800000 0.119617
15.804167 0.118332
15.808333 0.117205
15.812500 0.116360
15.816667 0.115799
15.820833 0.115143
15.825000 0.114002
15.829167 0.112379
15.833333 0.110430
15.837500 0.108282
15.841667 0.106028
15.845833 0.103742
15.850000 0.101483
15.854167 0.099300
15.858333 0.097231
15.862500 0.095313
15.866667 0.093576
15.870833 0.092046
15.875000 0.090749
15.879167 0.089706
15.883333 0.088939
15.887500 0.088466
15.891667 0.088293
15.895833 0.088399
15.900000 0.088747
15.904167 0.089318
15.908333 0.090100
15.912500 0.091083
15.916667 0.092256
15.920833 0.093608
15.925000 0.095128
15.929167 0.096803
15.933333 0.098618
15.937500 0.100554
15.941667 0.102589
15.945833 0.104687
15.950000 0.106793
15.954167 0.108798
15.958333 0.110459
15.962500 0.111481
15.966667 0.112017
15.970833 0.112626
15.975000 0.113513
15.979167 0.114624
15.983333 0.115882
15.987500 0.117217
15.991667 0.118565
15.995833 0.119876
16.000000 0.121106
16.004167 0.122223
16.008333 0.123199
16.012500 0.124017
16.016667 0.124663
16.020833 0.125129
16.025000 0.125411
16.029167 0.125516
16.033333 0.125472
16.037500 0.125309
16.041667 0.125040
16.045833 0.124670
16.050000 0.124204
16.054167 0.123647
16.058333 0.123004
16.062500 0.122283
16.066667 0.121488
16.070833 0.120629
16.075000 0.119715
16.079167 0.118755
16.083333 0.117763
16.087500 0.116752
16.091667 0.115741
16.095833 0.114753
16.100000 0.113816
16.104167 0.112969
16.108333 0.112265
16.112500 0.111743
16.116667 0.111132
16.120833 0.109658
16.125000 0.107013
16.129167 0.103633
16.133333 0.099994
16.137500 0.096372
16.141667 0.092934
16.145833 0.089789
16.150000 0.087013
16.154167 0.084664
16.158333 0.082784
16.162500 0.081410
16.166667 0.080567
16.170833 0.080242
16.175000 0.080342
16.179167 0.080763
16.183333 0.081459
16.187500 0.082419
16.191667 0.083630
16.195833 0.085081
16.200000 0.086755
16.204167 0.088637
16.208333 0.090704
16.212500 0.092926
16.216667 0.095266
16.220833 0.097667
16.225000 0.100040
16.229167 0.102230
16.233333 0.103957
16.237500 0.104977
16.241667 0.105603
16.245833 0.106477
16.250000 0.107822
16.254167 0.109584
16.258333 0.111667
16.262500 0.113963
16.266667 0.116364
16.270833 0.118764
16.275000 0.121068
16.279167 0.123194
16.283333 0.125077
16.287500 0.126668
16.291667 0.127930
16.295833 0.128843
16.300000 0.129396
16.304167 0.129621
16.308333 0.129620
16.312500 0.129497
16.316667 0.129288
16.320833 0.129002
16.325000 0.128640
16.329167 0.128207
16.333333 0.127707
16.337500 0.127146
16.341667 0.126530
16.345833 0.125865
16.350000 0.125160
16.354167 0.124426
16.358333 0.123672
16.362500 0.122916
16.366667 0.122174
16.370833 0.121471
16.375000 0.120836
16.379167 0.120311
16.383333 0.119940
16.387500 0.119681
16.391667 0.119300
16.395833 0.118601
16.400000 0.117617
16.404167 0.116450
16.408333 0.115183
16.412500 0.113879
16.416667 0.112588
16.420833 0.111348
16.425000 0.110194
16.429167 0.109155
16.433333 0.108257
16.437500 0.107523
16.441667 0.106975
16.445833 0.106633
16.450000 0.106514
16.454167 0.106621
16.458333 0.106945
16.462500 0.107481
16.466667 0.108222
16.470833 0.109163
16.475000 0.110299
16.479167 0.111623
16.483333 0.113130
16.487500 0.114812
16.491667 0.116663
16.495833 0.118672
16.500000 0.120827
16.504167 0.123111
16.508333 0.125497
16.512500 0.127939
16.516667 0.130334
16.520833 0.132436
16.525000 0.134093
16.529167 0.135845
16.533333 0.138219
16.537500 0.140978
16.541667 0.143792
16.545833 0.146517
16.550000 0.149094
16.554167 0.151493
16.558333 0.153699
16.562500 0.155706
16.566667 0.157512
16.570833 0.159115
16.575000 0.160519
16.579167 0.161725
16.583333 0.162736
16.587500 0.163555
16.591667 0.164187
16.595833 0.164634
16.600000 0.164901
16.604167 0.164995
16.608333 0.164936
16.612500 0.164741
16.616667 0.164419
16.620833 0.163972
16.625000 0.163405
16.629167 0.162721
16.633333 0.161924
16.637500 0.161016
16.641667 0.160002
16.645833 0.158886
16.650000 0.157674
16.654167 0.156369
16.658333 0.154980
16.662500 0.153512
16.666667 0.151975
16.670833 0.150380
16.675000 0.148744
16.679167 0.147086
16.683333 0.145438
16.687500 0.143848
16.691667 0.142407
16.695833 0.141286
16.700000 0.140678
16.704167 0.140516
