0.004167 0.000000
0.008333 0.000000
0.012500 0.000000
0.016667 0.000000
0.020833 0.000000
0.025000 0.000000
0.029167 0.000000
0.033333 0.000000
0.037500 0.000000
0.041667 0.000000
0.045833 0.000000
0.050000 0.000000
0.054167 0.000000
0.058333 0.000000
0.062500 0.000000
0.066667 0.000000
0.070833 0.000000
0.075000 0.000000
0.079167 0.000000
0.083333 0.000000
0.087500 0.000000
0.091667 0.000000
0.095833 0.000000
0.100000 0.000000
0.104167 0.000000
0.108333 0.000000
0.112500 0.000000
0.116667 0.000000
0.120833 0.000000
0.125000 0.000000
0.129167 0.000000
0.133333 0.000000
0.137500 0.000000
0.141667 0.000000
0.145833 0.000000
0.150000 0.000000
0.154167 0.000000
0.158333 0.000000
0.162500 0.000000
0.166667 0.000000
0.170833 0.000000
0.175000 0.000000
0.179167 0.000000
0.183333 0.000000
0.187500 0.000000
0.191667 0.000000
0.195833 0.000000
0.200000 0.000000
0.204167 0.000000
0.208333 0.000000
0.212500 0.000000
0.216667 0.000000
0.220833 0.000000
0.225000 0.000000
0.229167 0.000000
0.233333 0.000000
0.237500 0.000000
0.241667 0.000000
0.245833 0.000000
0.250000 0.000000
0.254167 0.000000
0.258333 0.000000
0.262500 0.000000
0.266667 0.000000
0.270833 0.000000
0.275000 0.000000
0.279167 0.000000
0.283333 0.000000
0.287500 0.000000
0.291667 0.000000
0.295833 0.000000
0.300000 0.000000
0.304167 0.000000
0.308333 0.000000
0.312500 0.000000
0.316667 0.000000
0.320833 0.000000
0.325000 0.000000
0.329167 0.000000
0.333333 0.000000
0.337500 0.000000
0.341667 0.000000
0.345833 0.000000
0.350000 0.000000
0.354167 0.000000
0.358333 0.000000
0.362500 0.000000
0.366667 0.000000
0.370833 0.000000
0.375000 0.000000
0.379167 0.000000
0.383333 0.000000
0.387500 0.000000
0.391667 0.000000
0.395833 0.000000
0.400000 0.000000
0.404167 0.000000
0.408333 0.000000
0.412500 0.000000
0.416667 0.000000
0.420833 0.000000
0.425000 0.000000
0.429167 0.000000
0.433333 0.000000
0.437500 0.000000
0.441667 0.000000
0.445833 0.000000
0.450000 0.000000
0.454167 0.000000
0.458333 0.000000
0.462500 0.000000
0.466667 0.000000
0.470833 0.000000
0.475000 0.000000
0.479167 0.000000
0.483333 0.000000
0.487500 0.000000
0.491667 0.000000
0.495833 0.000000
0.500000 0.000000
0.504167 0.000000
0.508333 0.000000
0.512500 0.000000
0.516667 0.000000
0.520833 0.000000
0.525000 0.000000
0.529167 0.000000
0.533333 0.000000
0.537500 0.000000
0.541667 0.000000
0.545833 0.000000
0.550000 0.000000
0.554167 0.000000
0.558333 0.000000
0.562500 0.000000
0.566667 0.000000
0.570833 0.000000
0.575000 0.000000
0.579167 0.000000
0.583333 0.000000
0.587500 0.000000
0.591667 0.000000
0.595833 0.000000
0.600000 0.000000
0.604167 0.000000
0.608333 0.000000
0.612500 0.000000
0.616667 0.000000
0.620833 0.000000
0.625000 0.000000
0.629167 0.000000
0.633333 0.000000
0.637500 0.000000
0.641667 0.000000
0.645833 0.000000
0.650000 0.000000
0.654167 0.000000
0.658333 0.000000
0.662500 0.000000
0.666667 0.000000
0.670833 0.000000
0.675000 0.000000
0.679167 0.000000
0.683333 0.000000
0.687500 0.000000
0.691667 0.000000
0.695833 0.000000
0.700000 0.000000
0.704167 0.000000
0.708333 0.000000
0.712500 0.000000
0.716667 0.000000
0.720833 0.000000
0.725000 0.000000
0.729167 0.000000
0.733333 0.000000
0.737500 0.000000
0.741667 0.000000
0.745833 0.000000
0.750000 0.000000
0.754167 0.000000
0.758333 0.000000
0.762500 0.000000
0.766667 0.000000
0.770833 0.000000
0.775000 0.000000
0.779167 0.000000
0.783333 0.000000
0.787500 0.000000
0.791667 0.000000
0.795833 0.000000
0.800000 0.000000
0.804167 0.000000
0.808333 0.000000
0.812500 0.000000
0.816667 0.000000
0.820833 0.000000
0.825000 0.000000
0.829167 0.000000
0.833333 0.000000
0.837500 0.000000
0.841667 0.000000
0.845833 0.000000
0.850000 0.000000
0.854167 0.000000
0.858333 0.000000
0.862500 0.000000
0.866667 0.000000
0.870833 0.000000
0.875000 0.000000
0.879167 0.000000
0.883333 0.000000
0.887500 0.000000
0.891667 0.000000
0.895833 0.000000
0.900000 0.000000
0.904167 0.000000
0.908333 0.000000
0.912500 0.000000
0.916667 0.000000
0.920833 0.000000
0.925000 0.000000
0.929167 0.000000
0.933333 0.000000
0.937500 0.000000
0.941667 0.000000
0.945833 0.000000
0.950000 0.000000
0.954167 0.000000
0.958333 0.000000
0.962500 0.000000
0.966667 0.000000
0.970833 0.000000
0.975000 0.000000
0.979167 0.000000
0.983333 0.000000
0.987500 0.000000
0.991667 0.000000
0.995833 0.000000
1.000000 0.000000
1.004167 0.000000
1.008333 0.000000
1.012500 0.000000
1.016667 0.000000
1.020833 0.000000
1.025000 0.000000
1.029167 0.000000
1.033333 0.000000
1.037500 0.000000
1.041667 0.000000
1.045833 0.000000
1.050000 0.000000
1.054167 0.000000
1.058333 0.000000
1.062500 0.000000
1.066667 0.000000
1.070833 0.000000
1.075000 0.000000
1.079167 0.000000
1.083333 0.000000
1.087500 0.000000
1.091667 0.000000
1.095833 0.000000
1.100000 0.000000
1.104167 0.000000
1.108333 0.000000
1.112500 0.000000
1.116667 0.000000
1.120833 0.000000
1.125000 0.000000
1.129167 0.000000
1.133333 0.000000
1.137500 0.000000
1.141667 0.000000
1.145833 0.000000
1.150000 0.000000
1.154167 0.000000
1.158333 0.000000
1.162500 0.000000
1.166667 0.000000
1.170833 0.000000
1.175000 0.000000
1.179167 0.000000
1.183333 0.000000
1.187500 0.000000
1.191667 0.000000
1.195833 0.000000
1.200000 0.000000
1.204167 0.000000
1.208333 0.000000
1.212500 0.000000
1.216667 0.000000
1.220833 0.000000
1.225000 0.000000
1.229167 0.000000
1.233333 0.000000
1.237500 0.000000
1.241667 0.000000
1.245833 0.000000
1.250000 0.000000
1.254167 0.000000
1.258333 0.000000
1.262500 0.000000
1.266667 0.000000
1.270833 0.000000
1.275000 0.000000
1.279167 0.000000
1.283333 0.000000
1.287500 0.000000
1.291667 0.000000
1.295833 0.000000
1.300000 0.000000
1.304167 0.000000
1.308333 0.000000
1.312500 0.000000
1.316667 0.000000
1.320833 0.000000
1.325000 0.000000
1.329167 0.000000
1.333333 0.000000
1.337500 0.000000
1.341667 0.000000
1.345833 0.000000
1.350000 0.000000
1.354167 0.000000
1.358333 0.000000
1.362500 0.000000
1.366667 0.000000
1.370833 0.000000
1.375000 0.000000
1.379167 0.000000
1.383333 0.000000
1.387500 0.000000
1.391667 0.000000
1.395833 0.000000
1.400000 0.000000
1.404167 0.000000
1.408333 0.000000
1.412500 0.000000
1.416667 0.000000
1.420833 0.000000
1.425000 0.000000
1.429167 0.000000
1.433333 0.000000
1.437500 0.000000
1.441667 0.000000
1.445833 0.000000
1.450000 0.000000
1.454167 0.000000
1.458333 0.000000
1.462500 0.000000
1.466667 0.000000
1.470833 0.000000
1.475000 0.000000
1.479167 0.000000
1.483333 0.000000
1.487500 0.000000
1.491667 0.000000
1.495833 0.000000
1.500000 0.000000
1.504167 0.000000
1.508333 0.000000
1.512500 0.000000
1.516667 0.000000
1.520833 0.000000
1.525000 0.000000
1.529167 0.000000
1.533333 0.000000
1.537500 0.000000
1.541667 0.000000
1.545833 0.000000
1.550000 0.000000
1.554167 0.000000
1.558333 0.000000
1.562500 0.000000
1.566667 0.000000
1.570833 0.000000
1.575000 0.000000
1.579167 0.000000
1.583333 0.000000
1.587500 0.000000
1.591667 0.000000
1.595833 0.000000
1.600000 0.000000
1.604167 0.000000
1.608333 0.000000
1.612500 0.000000
1.616667 0.000000
1.620833 0.000000
1.625000 0.000000
1.629167 0.000000
1.633333 0.000000
1.637500 0.000000
1.641667 0.000000
1.645833 0.000000
1.650000 0.000000
1.654167 0.000000
1.658333 0.000000
1.662500 0.000000
1.666667 0.000000
1.670833 0.000000
1.675000 0.000000
1.679167 0.000000
1.683333 0.000000
1.687500 0.000000
1.691667 0.000000
1.695833 0.000000
1.700000 0.000000
1.704167 0.000000
1.708333 0.000000
1.712500 0.000000
1.716667 0.000000
1.720833 0.000000
1.725000 0.000000
1.729167 0.000000
1.733333 0.000000
1.737500 0.000000
1.741667 0.000000
1.745833 0.000000
1.750000 0.000000
1.754167 0.000000
1.758333 0.000000
1.762500 0.000000
1.766667 0.000000
1.770833 0.000000
1.775000 0.000000
1.779167 0.000000
1.783333 0.000000
1.787500 0.000000
1.791667 0.000000
1.795833 0.000000
1.800000 0.000000
1.804167 0.000000
1.808333 0.000000
1.812500 0.000000
1.816667 0.000000
1.820833 0.000000
1.825000 0.000000
1.829167 0.000000
1.833333 0.000000
1.837500 0.000000
1.841667 0.000000
1.845833 0.000000
1.850000 0.000000
1.854167 0.000000
1.858333 0.000000
1.862500 0.000000
1.866667 0.000000
1.870833 0.000000
1.875000 0.000000
1.879167 0.000000
1.883333 0.000000
1.887500 0.000000
1.891667 0.000000
1.895833 0.000000
1.900000 0.000000
1.904167 0.000000
1.908333 0.000000
1.912500 0.000000
1.916667 0.000000
1.920833 0.000000
1.925000 0.000000
1.929167 0.000000
1.933333 0.000000
1.937500 0.000000
1.941667 0.000000
1.945833 0.000000
1.950000 0.000000
1.954167 0.000000
1.958333 0.000000
1.962500 0.000000
1.966667 0.000000
1.970833 0.000000
1.975000 0.000000
1.979167 0.000000
1.983333 0.000000
1.987500 0.000000
1.991667 0.000000
1.995833 0.000000
2.000000 0.000000
2.004167 0.000000
2.008333 0.000000
2.012500 0.000000
2.016667 0.000000
2.020833 0.000000
2.025000 0.000000
2.029167 0.000000
2.033333 0.000000
2.037500 0.000000
2.041667 0.000000
2.045833 0.000000
2.050000 0.000000
2.054167 0.000000
2.058333 0.000000
2.062500 0.000000
2.066667 0.000000
2.070833 0.000000
2.075000 0.000000
2.079167 0.000000
2.083333 0.000000
2.087500 0.000000
2.091667 0.000000
2.095833 0.000000
2.100000 0.000000
2.104167 0.000000
2.108333 0.000000
2.112500 0.000000
2.116667 0.000000
2.120833 0.000000
2.125000 0.000000
2.129167 0.000000
2.133333 0.000000
2.137500 0.000000
2.141667 0.000000
2.145833 0.000000
2.150000 0.000000
2.154167 0.000000
2.158333 0.000000
2.162500 0.000000
2.166667 0.000000
2.170833 0.000000
2.175000 0.000000
2.179167 0.000000
2.183333 0.000000
2.187500 0.000000
2.191667 0.000000
2.195833 0.000000
2.200000 0.000000
2.204167 0.000000
2.208333 0.000000
2.212500 0.000000
2.216667 0.000000
2.220833 0.000000
2.225000 0.000000
2.229167 0.000000
2.233333 0.000000
2.237500 0.000000
2.241667 0.000000
2.245833 0.000000
2.250000 0.000000
2.254167 0.000000
2.258333 0.000000
2.262500 0.000000
2.266667 0.000000
2.270833 0.000000
2.275000 0.000000
2.279167 0.000000
2.283333 0.000000
2.287500 0.000000
2.291667 0.000000
2.295833 0.000000
2.300000 0.000000
2.304167 0.000000
2.308333 0.000000
2.312500 0.000000
2.316667 0.000000
2.320833 0.000000
2.325000 0.000000
2.329167 0.000000
2.333333 0.000000
2.337500 0.000000
2.341667 0.000000
2.345833 0.000000
2.350000 0.000000
2.354167 0.000000
2.358333 0.000000
2.362500 0.000000
2.366667 0.000000
2.370833 0.000000
2.375000 0.000000
2.379167 0.000000
2.383333 0.000000
2.387500 0.000000
2.391667 0.000000
2.395833 0.000000
2.400000 0.000000
2.404167 0.000000
2.408333 0.000000
2.412500 0.000000
2.416667 0.000000
2.420833 0.000000
2.425000 0.000000
2.429167 0.000000
2.433333 0.000000
2.437500 0.000000
2.441667 0.000000
2.445833 0.000000
2.450000 0.000000
2.454167 0.000000
2.458333 0.000000
2.462500 0.000000
2.466667 0.000000
2.470833 0.000000
2.475000 0.000000
2.479167 0.000000
2.483333 0.000000
2.487500 0.000000
2.491667 0.000000
2.495833 0.000000
2.500000 0.000000
2.504167 0.000000
2.508333 0.000000
2.512500 0.000000
2.516667 0.000000
2.520833 0.000000
2.525000 0.000000
2.529167 0.000000
2.533333 0.000000
2.537500 0.000000
2.541667 0.000000
2.545833 0.000000
2.550000 0.000000
2.554167 0.000000
2.558333 0.000000
2.562500 0.000000
2.566667 0.000000
2.570833 0.000000
2.575000 0.000000
2.579167 0.000000
2.583333 0.000000
2.587500 0.000000
2.591667 0.000000
2.595833 0.000000
2.600000 0.000000
2.604167 0.000000
2.608333 0.000000
2.612500 0.000000
2.616667 0.000000
2.620833 0.000000
2.625000 0.000000
2.629167 0.000000
2.633333 0.000000
2.637500 0.000000
2.641667 0.000000
2.645833 0.000000
2.650000 0.000000
2.654167 0.000000
2.658333 0.000000
2.662500 0.000000
2.666667 0.000000
2.670833 0.000000
2.675000 0.000000
2.679167 0.000000
2.683333 0.000000
2.687500 0.000000
2.691667 0.000000
2.695833 0.000000
2.700000 0.000000
2.704167 0.000000
2.708333 0.000000
2.712500 0.000000
2.716667 0.000000
2.720833 0.000000
2.725000 0.000000
2.729167 0.000000
2.733333 0.000000
2.737500 0.000000
2.741667 0.000000
2.745833 0.000000
2.750000 0.000000
2.754167 0.000000
2.758333 0.000000
2.762500 0.000000
2.766667 0.000000
2.770833 0.000000
2.775000 0.000000
2.779167 0.000000
2.783333 0.000000
2.787500 0.000000
2.791667 0.000000
2.795833 0.000000
2.800000 0.000000
2.804167 0.000000
2.808333 0.000000
2.812500 0.000000
2.816667 0.000000
2.820833 0.000000
2.825000 0.000000
2.829167 0.000000
2.833333 0.000000
2.837500 0.000000
2.841667 0.000000
2.845833 0.000000
2.850000 0.000000
2.854167 0.000000
2.858333 0.000000
2.862500 0.000000
2.866667 0.000000
2.870833 0.000000
2.875000 0.000000
2.879167 0.000000
2.883333 0.000000
2.887500 0.000000
2.891667 0.000000
2.895833 0.000000
2.900000 0.000000
2.904167 0.000000
2.908333 0.000000
2.912500 0.000000
2.916667 0.000000
2.920833 0.000000
2.925000 0.000000
2.929167 0.000000
2.933333 0.000000
2.937500 0.000000
2.941667 0.000000
2.945833 0.000000
2.950000 0.000000
2.954167 0.000000
2.958333 0.000000
2.962500 0.000000
2.966667 0.000000
2.970833 0.000000
2.975000 0.000000
2.979167 0.000000
2.983333 0.000000
2.987500 0.000000
2.991667 0.000000
2.995833 0.000000
3.000000 0.000000
3.004167 0.000000
3.008333 0.000000
3.012500 0.000000
3.016667 0.000000
3.020833 0.000000
3.025000 0.000000
3.029167 0.000000
3.033333 0.000000
3.037500 0.000000
3.041667 0.000000
3.045833 0.000000
3.050000 0.000000
3.054167 0.000000
3.058333 0.000000
3.062500 0.000000
3.066667 0.000000
3.070833 0.000000
3.075000 0.000000
3.079167 0.000000
3.083333 0.000000
3.087500 0.000000
3.091667 0.000000
3.095833 0.000000
3.100000 0.000000
3.104167 0.000000
3.108333 0.000000
3.112500 0.000000
3.116667 0.000000
3.120833 0.000000
3.125000 0.000000
3.129167 0.000000
3.133333 0.000000
3.137500 0.000000
3.141667 0.000000
3.145833 0.000000
3.150000 0.000000
3.154167 0.000000
3.158333 0.000000
3.162500 0.000000
3.166667 0.000000
3.170833 0.000000
3.175000 0.000000
3.179167 0.000000
3.183333 0.000000
3.187500 0.000000
3.191667 0.000000
3.195833 0.000000
3.200000 0.000000
3.204167 0.000000
3.208333 0.000000
3.212500 0.000000
3.216667 0.000000
3.220833 0.000000
3.225000 0.000000
3.229167 0.000000
3.233333 0.000000
3.237500 0.000000
3.241667 0.000000
3.245833 0.000000
3.250000 0.000000
3.254167 0.000000
3.258333 0.000000
3.262500 0.000000
3.266667 0.000000
3.270833 0.000000
3.275000 0.000000
3.279167 0.000000
3.283333 0.000000
3.287500 0.000000
3.291667 0.000000
3.295833 0.000000
3.300000 0.000000
3.304167 0.000000
3.308333 0.000000
3.312500 0.000000
3.316667 0.000000
3.320833 0.000000
3.325000 0.000000
3.329167 0.000000
3.333333 0.000000
3.337500 0.000000
3.341667 0.000000
3.345833 0.000000
3.350000 0.000000
3.354167 0.000000
3.358333 0.000000
3.362500 0.000000
3.366667 0.000000
3.370833 0.000000
3.375000 0.000000
3.379167 0.000000
3.383333 0.000000
3.387500 0.000000
3.391667 0.000000
3.395833 0.000000
3.400000 0.000000
3.404167 0.000000
3.408333 0.000000
3.412500 0.000000
3.416667 0.000000
3.420833 0.000000
3.425000 0.000000
3.429167 0.000000
3.433333 0.000000
3.437500 0.000000
3.441667 0.000000
3.445833 0.000000
3.450000 0.000000
3.454167 0.000000
3.458333 0.000000
3.462500 0.000000
3.466667 0.000000
3.470833 0.000000
3.475000 0.000000
3.479167 0.000000
3.483333 0.000000
3.487500 0.000000
3.491667 0.000000
3.495833 0.000000
3.500000 0.000000
3.504167 0.000000
3.508333 0.000000
3.512500 0.000000
3.516667 0.000000
3.520833 0.000000
3.525000 0.000000
3.529167 0.000000
3.533333 0.000000
3.537500 0.000000
3.541667 0.000000
3.545833 0.000000
3.550000 0.000000
3.554167 0.000000
3.558333 0.000000
3.562500 0.000000
3.566667 0.000000
3.570833 0.000000
3.575000 0.000000
3.579167 0.000000
3.583333 0.000000
3.587500 0.000000
3.591667 0.000000
3.595833 0.000000
3.600000 0.000000
3.604167 0.000000
3.608333 0.000000
3.612500 0.000000
3.616667 0.000000
3.620833 0.000000
3.625000 0.000000
3.629167 0.000000
3.633333 0.000000
3.637500 0.000000
3.641667 0.000000
3.645833 0.000000
3.650000 0.000000
3.654167 0.000000
3.658333 0.000000
3.662500 0.000000
3.666667 0.000000
3.670833 0.000000
3.675000 0.000000
3.679167 0.000000
3.683333 0.000000
3.687500 0.000000
3.691667 0.000000
3.695833 0.000000
3.700000 0.000000
3.704167 0.000000
3.708333 0.000000
3.712500 0.000000
3.716667 0.000000
3.720833 0.000000
3.725000 0.000000
3.729167 0.000000
3.733333 0.000000
3.737500 0.000000
3.741667 0.000000
3.745833 0.000000
3.750000 0.000000
3.754167 0.000000
3.758333 0.000000
3.762500 0.000000
3.766667 0.000000
3.770833 0.000000
3.775000 0.000000
3.779167 0.000000
3.783333 0.000000
3.787500 0.000000
3.791667 0.000000
3.795833 0.000000
3.800000 0.000000
3.804167 0.000000
3.808333 0.000000
3.812500 0.000000
3.816667 0.000000
3.820833 0.000000
3.825000 0.000000
3.829167 0.000000
3.833333 0.000000
3.837500 0.000000
3.841667 0.000000
3.845833 0.000000
3.850000 0.000000
3.854167 0.000000
3.858333 0.000000
3.862500 0.000000
3.866667 0.000000
3.870833 0.000000
3.875000 0.000000
3.879167 0.000000
3.883333 0.000000
3.887500 0.000000
3.891667 0.000000
3.895833 0.000000
3.900000 0.000000
3.904167 0.000000
3.908333 0.000000
3.912500 0.000000
3.916667 0.000000
3.920833 0.000000
3.925000 0.000000
3.929167 0.000000
3.933333 0.000000
3.937500 0.000000
3.941667 0.000000
3.945833 0.000000
3.950000 0.000000
3.954167 0.000000
3.958333 0.000000
3.962500 0.000000
3.966667 0.000000
3.970833 0.000000
3.975000 0.000000
3.979167 0.000000
3.983333 0.000000
3.987500 0.000000
3.991667 0.000000
3.995833 0.000000
4.000000 0.000000
4.004167 0.000000
4.008333 0.000000
4.012500 0.000000
4.016667 0.000000
4.020833 0.000000
4.025000 0.000000
4.029167 0.000000
4.033333 0.000000
4.037500 0.000000
4.041667 0.000000
4.045833 0.000000
4.050000 0.000000
4.054167 0.000000
4.058333 0.000000
4.062500 0.000000
4.066667 0.000000
4.070833 0.000000
4.075000 0.000000
4.079167 0.000000
4.083333 0.000000
4.087500 0.000000
4.091667 0.000000
4.095833 0.000000
4.100000 0.000000
4.104167 0.000000
4.108333 0.000000
4.112500 0.000000
4.116667 0.000000
4.120833 0.000000
4.125000 0.000000
4.129167 0.000000
4.133333 0.000000
4.137500 0.000000
4.141667 0.000000
4.145833 0.000000
4.150000 0.000000
4.154167 0.000000
4.158333 0.000000
4.162500 0.000000
4.166667 0.000000
4.170833 0.000000
4.175000 0.000000
4.179167 0.000000
4.183333 0.000000
4.187500 0.000000
4.191667 0.000000
4.195833 0.000000
4.200000 0.000000
4.204167 0.000000
4.208333 0.000000
4.212500 0.000000
4.216667 0.000000
4.220833 0.000000
4.225000 0.000000
4.229167 0.000000
4.233333 0.000000
4.237500 0.000000
4.241667 0.000000
4.245833 0.000000
4.250000 0.000000
4.254167 0.000000
4.258333 0.000000
4.262500 0.000000
4.266667 0.000000
4.270833 0.000000
4.275000 0.000000
4.279167 0.000000
4.283333 0.000000
4.287500 0.000000
4.291667 0.000000
4.295833 0.000000
4.300000 0.000000
4.304167 0.000000
4.308333 0.000000
4.312500 0.000000
4.316667 0.000000
4.320833 0.000000
4.325000 0.000000
4.329167 0.000000
4.333333 0.000000
4.337500 0.000000
4.341667 0.000000
4.345833 0.000000
4.350000 0.000000
4.354167 0.000000
4.358333 0.000000
4.362500 0.000000
4.366667 0.000000
4.370833 0.000000
4.375000 0.000000
4.379167 0.000000
4.383333 0.000000
4.387500 0.000000
4.391667 0.000000
4.395833 0.000000
4.400000 0.000000
4.404167 0.000000
4.408333 0.000000
4.412500 0.000000
4.416667 0.000000
4.420833 0.000000
4.425000 0.000000
4.429167 0.000000
4.433333 0.000000
4.437500 0.000000
4.441667 0.000000
4.445833 0.000000
4.450000 0.000000
4.454167 0.000000
4.458333 0.000000
4.462500 0.000000
4.466667 0.000000
4.470833 0.000000
4.475000 0.000000
4.479167 0.000000
4.483333 0.000000
4.487500 0.000000
4.491667 0.000000
4.495833 0.000000
4.500000 0.000000
4.504167 0.000000
4.508333 0.000000
4.512500 0.000000
4.516667 0.000000
4.520833 0.000000
4.525000 0.000000
4.529167 0.000000
4.533333 0.000000
4.537500 0.000000
4.541667 0.000000
4.545833 0.000000
4.550000 0.000000
4.554167 0.000000
4.558333 0.000000
4.562500 0.000000
4.566667 0.000000
4.570833 0.000000
4.575000 0.000000
4.579167 0.000000
4.583333 0.000000
4.587500 0.000000
4.591667 0.000000
4.595833 0.000000
4.600000 0.000000
4.604167 0.000000
4.608333 0.000000
4.612500 0.000000
4.616667 0.000000
4.620833 0.000000
4.625000 0.000000
4.629167 0.000000
4.633333 0.000000
4.637500 0.000000
4.641667 0.000000
4.645833 0.000000
4.650000 0.000000
4.654167 0.000000
4.658333 0.000000
4.662500 0.000000
4.666667 0.000000
4.670833 0.000000
4.675000 0.000000
4.679167 0.000000
4.683333 0.000000
4.687500 0.000000
4.691667 0.000000
4.695833 0.000000
4.700000 0.000000
4.704167 0.000000
4.708333 0.000000
4.712500 0.000000
4.716667 0.000000
4.720833 0.000000
4.725000 0.000000
4.729167 0.000000
4.733333 0.000000
4.737500 0.000000
4.741667 0.000000
4.745833 0.000000
4.750000 0.000000
4.754167 0.000000
4.758333 0.000000
4.762500 0.000000
4.766667 0.000000
4.770833 0.000000
4.775000 0.000000
4.779167 0.000000
4.783333 0.000000
4.787500 0.000000
4.791667 0.000000
4.795833 0.000000
4.800000 0.000000
4.804167 0.000000
4.808333 0.000000
4.812500 0.000000
4.816667 0.000000
4.820833 0.000000
4.825000 0.000000
4.829167 0.000000
4.833333 0.000000
4.837500 0.000000
4.841667 0.000000
4.845833 0.000000
4.850000 0.000000
4.854167 0.000000
4.858333 0.000000
4.862500 0.000000
4.866667 0.000000
4.870833 0.000000
4.875000 0.000000
4.879167 0.000000
4.883333 0.000000
4.887500 0.000000
4.891667 0.000000
4.895833 0.000000
4.900000 0.000000
4.904167 0.000000
4.908333 0.000000
4.912500 0.000000
4.916667 0.000000
4.920833 0.000000
4.925000 0.000000
4.929167 0.000000
4.933333 0.000000
4.937500 0.000000
4.941667 0.000000
4.945833 0.000000
4.950000 0.000000
4.954167 0.000000
4.958333 0.000000
4.962500 0.000000
4.966667 0.000000
4.970833 0.000000
4.975000 0.000000
4.979167 0.000000
4.983333 0.000000
4.987500 0.000000
4.991667 0.000000
4.995833 0.000000
5.000000 0.000000
5.004167 0.000000
5.008333 0.000000
5.012500 0.000000
5.016667 0.000000
5.020833 0.000000
5.025000 0.000000
5.029167 0.000000
5.033333 0.000000
5.037500 0.000000
5.041667 0.000000
5.045833 0.000000
5.050000 0.000000
5.054167 0.000000
5.058333 0.000000
5.062500 0.000000
5.066667 0.000000
5.070833 0.000000
5.075000 0.000000
5.079167 0.000000
5.083333 0.000000
5.087500 0.000000
5.091667 0.000000
5.095833 0.000000
5.100000 0.000000
5.104167 0.000000
5.108333 0.000000
5.112500 0.000000
5.116667 0.000000
5.120833 0.000000
5.125000 0.000000
5.129167 0.000000
5.133333 0.000000
5.137500 0.000000
5.141667 0.000000
5.145833 0.000000
5.150000 0.000000
5.154167 0.000000
5.158333 0.000000
5.162500 0.000000
5.166667 0.000000
5.170833 0.000000
5.175000 0.000000
5.179167 0.000000
5.183333 0.000000
5.187500 0.000000
5.191667 0.000000
5.195833 0.000000
5.200000 0.000000
5.204167 0.000000
5.208333 0.000000
5.212500 0.000000
5.216667 0.000000
5.220833 0.000000
5.225000 0.000000
5.229167 0.000000
5.233333 0.000000
5.237500 0.000000
5.241667 0.000000
5.245833 0.000000
5.250000 0.000000
5.254167 0.000000
5.258333 0.000000
5.262500 0.000000
5.266667 0.000000
5.270833 0.000000
5.275000 0.000000
5.279167 0.000000
5.283333 0.000000
5.287500 0.000000
5.291667 0.000000
5.295833 0.000000
5.300000 0.000000
5.304167 0.000000
5.308333 0.000000
5.312500 0.000000
5.316667 0.000000
5.320833 0.000000
5.325000 0.000000
5.329167 0.000000
5.333333 0.000000
5.337500 0.000000
5.341667 0.000000
5.345833 0.000000
5.350000 0.000000
5.354167 0.000000
5.358333 0.000000
5.362500 0.000000
5.366667 0.000000
5.370833 0.000000
5.375000 0.000000
5.379167 0.000000
5.383333 0.000000
5.387500 0.000000
5.391667 0.000000
5.395833 0.000000
5.400000 0.000000
5.404167 0.000000
5.408333 0.000000
5.412500 0.000000
5.416667 0.000000
5.420833 0.000000
5.425000 0.000000
5.429167 0.000000
5.433333 0.000000
5.437500 0.000000
5.441667 0.000000
5.445833 0.000000
5.450000 0.000000
5.454167 0.000000
5.458333 0.000000
5.462500 0.000000
5.466667 0.000000
5.470833 0.000000
5.475000 0.000000
5.479167 0.000000
5.483333 0.000000
5.487500 0.000000
5.491667 0.000000
5.495833 0.000000
5.500000 0.000000
5.504167 0.000000
5.508333 0.000000
5.512500 0.000000
5.516667 0.000000
5.520833 0.000000
5.525000 0.000000
5.529167 0.000000
5.533333 0.000000
5.537500 0.000000
5.541667 0.000000
5.545833 0.000000
5.550000 0.000000
5.554167 0.000000
5.558333 0.000000
5.562500 0.000000
5.566667 0.000000
5.570833 0.000000
5.575000 0.000000
5.579167 0.000000
5.583333 0.000000
5.587500 0.000000
5.591667 0.000000
5.595833 0.000000
5.600000 0.000000
5.604167 0.000000
5.608333 0.000000
5.612500 0.000000
5.616667 0.000000
5.620833 0.000000
5.625000 0.000000
5.629167 0.000000
5.633333 0.000000
5.637500 0.000000
5.641667 0.000000
5.645833 0.000000
5.650000 0.000000
5.654167 0.000000
5.658333 0.000000
5.662500 0.000000
5.666667 0.000000
5.670833 0.000000
5.675000 0.000000
5.679167 0.000000
5.683333 0.000000
5.687500 0.000000
5.691667 0.000000
5.695833 0.000000
5.700000 0.000000
5.704167 0.000000
5.708333 0.000000
5.712500 0.000000
5.716667 0.000000
5.720833 0.000000
5.725000 0.000000
5.729167 0.000000
5.733333 0.000000
5.737500 0.000000
5.741667 0.000000
5.745833 0.000000
5.750000 0.000000
5.754167 0.000000
5.758333 0.000000
5.762500 0.000000
5.766667 0.000000
5.770833 0.000000
5.775000 0.000000
5.779167 0.000000
5.783333 0.000000
5.787500 0.000000
5.791667 0.000000
5.795833 0.000000
5.800000 0.000000
5.804167 0.000000
5.808333 0.000000
5.812500 0.000000
5.816667 0.000000
5.820833 0.000000
5.825000 0.000000
5.829167 0.000000
5.833333 0.000000
5.837500 0.000000
5.841667 0.000000
5.845833 0.000000
5.850000 0.000000
5.854167 0.000000
5.858333 0.000000
5.862500 0.000000
5.866667 0.000000
5.870833 0.000000
5.875000 0.000000
5.879167 0.000000
5.883333 0.000000
5.887500 0.000000
5.891667 0.000000
5.895833 0.000000
5.900000 0.000000
5.904167 0.000000
5.908333 0.000000
5.912500 0.000000
5.916667 0.000000
5.920833 0.000000
5.925000 0.000000
5.929167 0.000000
5.933333 0.000000
5.937500 0.000000
5.941667 0.000000
5.945833 0.000000
5.950000 0.000000
5.954167 0.000000
5.958333 0.000000
5.962500 0.000000
5.966667 0.000000
5.970833 0.000000
5.975000 0.000000
5.979167 0.000000
5.983333 0.000000
5.987500 0.000000
5.991667 0.000000
5.995833 0.000000
6.000000 0.000000
6.004167 0.000000
6.008333 0.000000
6.012500 0.000000
6.016667 0.000000
6.020833 0.000000
6.025000 0.000000
6.029167 0.000000
6.033333 0.000000
6.037500 0.000000
6.041667 0.000000
6.045833 0.000000
6.050000 0.000000
6.054167 0.000000
6.058333 0.000000
6.062500 0.000000
6.066667 0.000000
6.070833 0.000000
6.075000 0.000000
6.079167 0.000000
6.083333 0.000000
6.087500 0.000000
6.091667 0.000000
6.095833 0.000000
6.100000 0.000000
6.104167 0.000000
6.108333 0.000000
6.112500 0.000000
6.116667 0.000000
6.120833 0.000000
6.125000 0.000000
6.129167 0.000000
6.133333 0.000000
6.137500 0.000000
6.141667 0.000000
6.145833 0.000000
6.150000 0.000000
6.154167 0.000000
6.158333 0.000000
6.162500 0.000000
6.166667 0.000000
6.170833 0.000000
6.175000 0.000000
6.179167 0.000000
6.183333 0.000000
6.187500 0.000000
6.191667 0.000000
6.195833 0.000000
6.200000 0.000000
6.204167 0.000000
6.208333 0.000000
6.212500 0.000000
6.216667 0.000000
6.220833 0.000000
6.225000 0.000000
6.229167 0.000000
6.233333 0.000000
6.237500 0.000000
6.241667 0.000000
6.245833 0.000000
6.250000 0.000000
6.254167 0.000000
6.258333 0.000000
6.262500 0.000000
6.266667 0.000000
6.270833 0.000000
6.275000 0.000000
6.279167 0.000000
6.283333 0.000000
6.287500 0.000000
6.291667 0.000000
6.295833 0.000000
6.300000 0.000000
6.304167 0.000000
6.308333 0.000000
6.312500 0.000000
6.316667 0.000000
6.320833 0.000000
6.325000 0.000000
6.329167 0.000000
6.333333 0.000000
6.337500 0.000000
6.341667 0.000000
6.345833 0.000000
6.350000 0.000000
6.354167 0.000000
6.358333 0.000000
6.362500 0.000000
6.366667 0.000000
6.370833 0.000000
6.375000 0.000000
6.379167 0.000000
6.383333 0.000000
6.387500 0.000000
6.391667 0.000000
6.395833 0.000000
6.400000 0.000000
6.404167 0.000000
6.408333 0.000000
6.412500 0.000000
6.416667 0.000000
6.420833 0.000000
6.425000 0.000000
6.429167 0.000000
6.433333 0.000000
6.437500 0.000000
6.441667 0.000000
6.445833 0.000000
6.450000 0.000000
6.454167 0.000000
6.458333 0.000000
6.462500 0.000000
6.466667 0.000000
6.470833 0.000000
6.475000 0.000000
6.479167 0.000000
6.483333 0.000000
6.487500 0.000000
6.491667 0.000000
6.495833 0.000000
6.500000 0.000000
6.504167 0.000000
6.508333 0.000000
6.512500 0.000000
6.516667 0.000000
6.520833 0.000000
6.525000 0.000000
6.529167 0.000000
6.533333 0.000000
6.537500 0.000000
6.541667 0.000000
6.545833 0.000000
6.550000 0.000000
6.554167 0.000000
6.558333 0.000000
6.562500 0.000000
6.566667 0.000000
6.570833 0.000000
6.575000 0.000000
6.579167 0.000000
6.583333 0.000000
6.587500 0.000000
6.591667 0.000000
6.595833 0.000000
6.600000 0.000000
6.604167 0.000000
6.608333 0.000000
6.612500 0.000000
6.616667 0.000000
6.620833 0.000000
6.625000 0.000000
6.629167 0.000000
6.633333 0.000000
6.637500 0.000000
6.641667 0.000000
6.645833 0.000000
6.650000 0.000000
6.654167 0.000000
6.658333 0.000000
6.662500 0.000000
6.666667 0.000000
6.670833 0.000000
6.675000 0.000000
6.679167 0.000000
6.683333 0.000000
6.687500 0.000000
6.691667 0.000000
6.695833 0.000000
6.700000 0.000000
6.704167 0.000000
6.708333 0.000000
6.712500 0.000000
6.716667 0.000000
6.720833 0.000000
6.725000 0.000000
6.729167 0.000000
6.733333 0.000000
6.737500 0.000000
6.741667 0.000000
6.745833 0.000000
6.750000 0.000000
6.754167 0.000000
6.758333 0.000000
6.762500 0.000000
6.766667 0.000000
6.770833 0.000000
6.775000 0.000000
6.779167 0.000000
6.783333 0.000000
6.787500 0.000000
6.791667 0.000000
6.795833 0.000000
6.800000 0.000000
6.804167 0.000000
6.808333 0.000000
6.812500 0.000000
6.816667 0.000000
6.820833 0.000000
6.825000 0.000000
6.829167 0.000000
6.833333 0.000000
6.837500 0.000000
6.841667 0.000000
6.845833 0.000000
6.850000 0.000000
6.854167 0.000000
6.858333 0.000000
6.862500 0.000000
6.866667 0.000000
6.870833 0.000000
6.875000 0.000000
6.879167 0.000000
6.883333 0.000000
6.887500 0.000000
6.891667 0.000000
6.895833 0.000000
6.900000 0.000000
6.904167 0.000000
6.908333 0.000000
6.912500 0.000000
6.916667 0.000000
6.920833 0.000000
6.925000 0.000000
6.929167 0.000000
6.933333 0.000000
6.937500 0.000000
6.941667 0.000000
6.945833 0.000000
6.950000 0.000000
6.954167 0.000000
6.958333 0.000000
6.962500 0.000000
6.966667 0.000000
6.970833 0.000000
6.975000 0.000000
6.979167 0.000000
6.983333 0.000000
6.987500 0.000000
6.991667 0.000000
6.995833 0.000000
7.000000 0.000000
7.004167 0.000000
7.008333 0.000000
7.012500 0.000000
7.016667 0.000000
7.020833 0.000000
7.025000 0.000000
7.029167 0.000000
7.033333 0.000000
7.037500 0.000000
7.041667 0.000000
7.045833 0.000000
7.050000 0.000000
7.054167 0.000000
7.058333 0.000000
7.062500 0.000000
7.066667 0.000000
7.070833 0.000000
7.075000 0.000000
7.079167 0.000000
7.083333 0.000000
7.087500 0.000000
7.091667 0.000000
7.095833 0.000000
7.100000 0.000000
7.104167 0.000000
7.108333 0.000000
7.112500 0.000000
7.116667 0.000000
7.120833 0.000000
7.125000 0.000478
7.129167 0.006940
7.133333 0.035766
7.137500 0.104407
7.141667 0.219670
7.145833 0.379608
7.150000 0.573159
7.154167 0.773787
7.158333 0.935858
7.162500 1.016888
7.166667 1.020467
7.170833 0.977887
7.175000 0.900325
7.179167 0.785513
7.183333 0.632398
7.187500 0.447847
7.191667 0.255727
7.195833 0.101028
7.200000 0.021480
7.204167 0.001547
7.208333 0.000000
7.212500 0.000000
7.216667 0.000000
7.220833 0.000000
7.225000 0.000000
7.229167 0.000000
7.233333 0.000000
7.237500 0.000000
7.241667 0.000000
7.245833 0.000000
7.250000 0.000000
7.254167 0.000000
7.258333 0.000000
7.262500 0.000000
7.266667 0.000000
7.270833 0.000000
7.275000 0.000000
7.279167 0.000000
7.283333 0.000000
7.287500 0.000212
7.291667 0.003099
7.295833 0.016184
7.300000 0.048163
7.304167 0.104013
7.308333 0.186119
7.312500 0.294012
7.316667 0.420588
7.320833 0.547140
7.325000 0.643941
7.329167 0.685756
7.333333 0.670831
7.337500 0.612110
7.341667 0.519911
7.345833 0.403480
7.350000 0.275445
7.354167 0.153445
7.358333 0.060323
7.362500 0.012915
7.366667 0.000935
7.370833 0.000000
7.375000 0.000000
7.379167 0.000000
7.383333 0.000000
7.387500 0.000000
7.391667 0.000000
7.395833 0.000000
7.400000 0.000000
7.404167 0.000000
7.408333 0.000000
7.412500 0.000000
7.416667 0.000000
7.420833 0.000000
7.425000 0.000000
7.429167 0.000000
7.433333 0.000000
7.437500 0.000271
7.441667 0.004009
7.445833 0.021533
7.450000 0.066865
7.454167 0.152779
7.458333 0.291749
7.462500 0.486452
7.466667 0.702677
7.470833 0.867764
7.475000 0.934757
7.479167 0.914200
7.483333 0.828094
7.487500 0.686238
7.491667 0.499876
7.495833 0.295446
7.500000 0.121776
7.504167 0.026885
7.508333 0.001975
7.512500 0.000000
7.516667 0.000000
7.520833 0.000000
7.525000 0.000000
7.529167 0.000000
7.533333 0.000000
7.537500 0.000000
7.541667 0.000000
7.545833 0.000000
7.550000 0.000000
7.554167 0.000000
7.558333 0.000000
7.562500 0.000000
7.566667 0.000000
7.570833 0.000000
7.575000 0.000000
7.579167 0.000000
7.583333 0.000121
7.587500 0.001763
7.591667 0.009233
7.595833 0.027639
7.600000 0.060311
7.604167 0.109727
7.608333 0.177993
7.612500 0.265636
7.616667 0.368828
7.620833 0.476163
7.625000 0.569379
7.629167 0.630953
7.633333 0.651589
7.637500 0.630144
7.641667 0.571594
7.645833 0.484590
7.650000 0.378543
7.654167 0.263425
7.658333 0.151853
7.662500 0.062522
7.666667 0.013944
7.670833 0.001032
7.675000 0.000000
7.679167 0.000000
7.683333 0.000000
7.687500 0.000000
7.691667 0.000000
7.695833 0.000000
7.700000 0.000000
7.704167 0.000000
7.708333 0.000000
7.712500 0.000000
7.716667 0.000000
7.720833 0.000000
7.725000 0.000000
7.729167 0.000000
7.733333 0.000265
7.737500 0.003921
7.741667 0.021041
7.745833 0.065215
7.750000 0.148583
7.754167 0.282741
7.758333 0.470182
7.762500 0.679119
7.766667 0.840392
7.770833 0.907093
7.775000 0.889170
7.779167 0.810165
7.783333 0.680782
7.787500 0.509448
7.791667 0.314679
7.795833 0.137555
7.800000 0.031951
7.804167 0.002409
7.808333 0.000000
7.812500 0.000000
7.816667 0.000000
7.820833 0.000000
7.825000 0.000000
7.829167 0.000000
7.833333 0.000000
7.837500 0.000000
7.841667 0.000000
7.845833 0.000000
7.850000 0.000000
7.854167 0.000000
7.858333 0.000000
7.862500 0.000000
7.866667 0.000000
7.870833 0.000000
7.875000 0.000000
7.879167 0.000201
7.883333 0.002940
7.887500 0.015368
7.891667 0.045798
7.895833 0.099072
7.900000 0.177560
7.904167 0.280752
7.908333 0.401469
7.912500 0.521249
7.916667 0.611793
7.920833 0.649957
7.925000 0.634169
7.929167 0.576494
7.933333 0.487560
7.937500 0.377021
7.941667 0.256937
7.945833 0.143261
7.950000 0.056507
7.954167 0.012142
7.958333 0.000881
7.962500 0.000000
7.966667 0.000000
7.970833 0.000000
7.975000 0.000000
7.979167 0.000000
7.983333 0.000000
7.987500 0.000000
7.991667 0.000000
7.995833 0.000000
8.000000 0.000000
8.004167 0.000000
8.008333 0.000000
8.012500 0.000000
8.016667 0.000000
8.020833 0.000000
8.025000 0.000193
8.029167 0.002863
8.033333 0.015399
8.037500 0.048081
8.041667 0.111192
8.045833 0.216680
8.050000 0.371373
8.054167 0.550063
8.058333 0.688049
8.062500 0.743349
8.066667 0.727062
8.070833 0.659141
8.075000 0.548319
8.079167 0.403221
8.083333 0.242504
8.087500 0.102432
8.091667 0.023114
8.095833 0.001718
8.100000 0.000000
8.104167 0.000000
8.108333 0.000000
8.112500 0.000000
8.116667 0.000000
8.120833 0.000000
8.125000 0.000000
8.129167 0.000000
8.133333 0.000000
8.137500 0.000000
8.141667 0.000000
8.145833 0.000000
8.150000 0.000000
8.154167 0.000000
8.158333 0.000000
8.162500 0.000000
8.166667 0.000000
8.170833 0.000000
8.175000 0.000138
8.179167 0.002032
8.183333 0.010726
8.187500 0.032467
8.191667 0.071802
8.195833 0.132657
8.200000 0.218620
8.204167 0.329832
8.208333 0.456355
8.212500 0.574003
8.216667 0.654538
8.220833 0.683881
8.225000 0.664585
8.229167 0.604377
8.233333 0.511092
8.237500 0.394407
8.241667 0.267482
8.245833 0.147951
8.250000 0.057755
8.254167 0.012297
8.258333 0.000888
8.262500 0.000000
8.266667 0.000000
8.270833 0.000000
8.275000 0.000000
8.279167 0.000000
8.283333 0.000000
8.287500 0.000000
8.291667 0.000000
8.295833 0.000000
8.300000 0.000000
8.304167 0.000000
8.308333 0.000000
8.312500 0.000000
8.316667 0.000000
8.320833 0.000564
8.325000 0.008284
8.329167 0.043617
8.333333 0.131074
8.337500 0.284808
8.341667 0.505820
8.345833 0.768060
8.350000 0.999565
8.354167 1.119493
8.358333 1.122749
8.362500 1.050263
8.366667 0.910705
8.370833 0.694622
8.375000 0.420136
8.379167 0.169837
8.383333 0.036027
8.387500 0.002579
8.391667 0.000000
8.395833 0.000000
8.400000 0.000000
8.404167 0.000000
8.408333 0.000000
8.412500 0.000000
8.416667 0.000000
8.420833 0.000000
8.425000 0.000000
8.429167 0.000000
8.433333 0.000000
8.437500 0.000000
8.441667 0.000000
8.445833 0.000000
8.450000 0.000000
8.454167 0.000000
8.458333 0.000000
8.462500 0.000000
8.466667 0.000000
8.470833 0.000209
8.475000 0.003073
8.479167 0.016211
8.483333 0.049013
8.487500 0.108143
8.491667 0.198415
8.495833 0.320575
8.500000 0.461022
8.504167 0.581432
8.508333 0.637537
8.512500 0.619870
8.516667 0.545941
8.520833 0.432348
8.525000 0.296791
8.529167 0.164006
8.533333 0.063346
8.537500 0.013324
8.541667 0.000955
8.545833 0.000000
8.550000 0.000000
8.554167 0.000000
8.558333 0.000000
8.562500 0.000000
8.566667 0.000000
8.570833 0.000000
8.575000 0.000000
8.579167 0.000000
8.583333 0.000000
8.587500 0.000000
8.591667 0.000000
8.595833 0.000000
8.600000 0.000000
8.604167 0.000000
8.608333 0.000000
8.612500 0.000000
8.616667 0.000597
8.620833 0.008652
8.625000 0.044407
8.629167 0.128536
8.633333 0.266618
8.637500 0.450662
8.641667 0.656198
8.645833 0.833591
8.650000 0.925526
8.654167 0.920701
8.658333 0.847101
8.662500 0.716541
8.666667 0.532862
8.670833 0.318969
8.675000 0.131306
8.679167 0.028743
8.683333 0.002099
8.687500 0.000000
8.691667 0.000000
8.695833 0.000000
8.700000 0.000000
8.704167 0.000000
8.708333 0.000000
8.712500 0.000000
8.716667 0.000000
8.720833 0.000000
8.725000 0.000000
8.729167 0.000000
8.733333 0.000000
8.737500 0.000000
8.741667 0.000000
8.745833 0.000000
8.750000 0.000000
8.754167 0.000000
8.758333 0.000000
8.762500 0.000200
8.766667 0.002934
8.770833 0.015445
8.775000 0.046582
8.779167 0.102454
8.783333 0.187307
8.787500 0.302377
8.791667 0.439742
8.795833 0.575433
8.800000 0.674933
8.804167 0.716808
8.808333 0.706893
8.812500 0.659082
8.816667 0.579693
8.820833 0.473674
8.825000 0.350599
8.829167 0.225541
8.833333 0.117154
8.837500 0.042846
8.841667 0.008661
8.845833 0.000609
8.850000 0.000000
8.854167 0.000000
8.858333 0.000000
8.862500 0.000000
8.866667 0.000000
8.870833 0.000000
8.875000 0.000000
8.879167 0.000000
8.883333 0.000000
8.887500 0.000000
8.891667 0.000000
8.895833 0.000000
8.900000 0.000000
8.904167 0.000000
8.908333 0.000000
8.912500 0.000233
8.916667 0.003460
8.920833 0.018697
8.925000 0.058829
8.929167 0.137866
8.933333 0.274803
8.937500 0.485059
8.941667 0.734901
8.945833 0.924923
8.950000 0.992302
8.954167 0.946318
8.958333 0.811659
8.962500 0.612376
8.966667 0.380201
8.970833 0.167520
8.975000 0.039223
8.979167 0.002970
8.983333 0.000000
8.987500 0.000000
8.991667 0.000000
8.995833 0.000000
9.000000 0.000000
9.004167 0.000000
9.008333 0.000000
9.012500 0.000000
9.016667 0.000000
9.020833 0.000000
9.025000 0.000000
9.029167 0.000000
9.033333 0.000000
9.037500 0.000000
9.041667 0.000000
9.045833 0.000000
9.050000 0.000000
9.054167 0.000000
9.058333 0.000175
9.062500 0.002569
9.066667 0.013555
9.070833 0.041003
9.075000 0.090540
9.079167 0.166429
9.083333 0.270521
9.087500 0.396202
9.091667 0.521238
9.095833 0.612850
9.100000 0.650345
9.104167 0.638038
9.108333 0.589324
9.112500 0.513145
9.116667 0.416848
9.120833 0.309452
9.125000 0.202052
9.129167 0.107766
9.133333 0.040730
9.137500 0.008472
9.141667 0.000605
9.145833 0.000000
9.150000 0.000000
9.154167 0.000000
9.158333 0.000000
9.162500 0.000000
9.166667 0.000000
9.170833 0.000000
9.175000 0.000000
9.179167 0.000000
9.183333 0.000000
9.187500 0.000000
9.191667 0.000000
9.195833 0.000000
9.200000 0.000000
9.204167 0.000000
9.208333 0.000109
9.212500 0.001611
9.216667 0.008600
9.220833 0.026525
9.225000 0.060404
9.229167 0.116758
9.233333 0.206202
9.237500 0.342357
9.241667 0.522611
9.245833 0.698329
9.250000 0.808082
9.254167 0.842709
9.258333 0.820381
9.262500 0.752222
9.266667 0.645163
9.270833 0.508080
9.275000 0.353928
9.279167 0.202233
9.283333 0.081749
9.287500 0.017900
9.291667 0.001311
9.295833 0.000000
9.300000 0.000000
9.304167 0.000000
9.308333 0.000000
9.312500 0.000000
9.316667 0.000000
9.320833 0.000000
9.325000 0.000000
9.329167 0.000000
9.333333 0.000000
9.337500 0.000000
9.341667 0.000000
9.345833 0.000000
9.350000 0.000000
9.354167 0.000000
9.358333 0.000301
9.362500 0.004399
9.366667 0.022988
9.370833 0.068424
9.375000 0.147406
9.379167 0.261552
9.383333 0.405901
9.387500 0.564283
9.391667 0.708720
9.395833 0.809090
9.400000 0.850147
9.404167 0.839054
9.408333 0.788659
9.412500 0.704133
9.416667 0.588710
9.420833 0.449650
9.425000 0.300668
9.429167 0.162884
9.433333 0.061947
9.437500 0.012890
9.441667 0.000919
9.445833 0.000000
9.450000 0.000000
9.454167 0.000000
9.458333 0.000000
9.462500 0.000000
9.466667 0.000000
9.470833 0.000000
9.475000 0.000000
9.479167 0.000000
9.483333 0.000000
9.487500 0.000000
9.491667 0.000000
9.495833 0.000000
9.500000 0.000000
9.504167 0.000000
9.508333 0.000221
9.512500 0.003245
9.516667 0.017131
9.520833 0.051837
9.525000 0.114629
9.529167 0.211940
9.533333 0.349544
9.537500 0.526215
9.541667 0.718848
9.545833 0.874980
9.550000 0.949814
9.554167 0.953614
9.558333 0.917559
9.562500 0.850464
9.566667 0.748263
9.570833 0.607197
9.575000 0.431351
9.579167 0.244592
9.583333 0.094860
9.587500 0.019755
9.591667 0.001405
9.595833 0.000000
9.600000 0.000000
9.604167 0.000000
9.608333 0.000000
9.612500 0.000000
9.616667 0.000000
9.620833 0.000000
9.625000 0.000000
9.629167 0.000000
9.633333 0.000000
9.637500 0.000000
9.641667 0.000000
9.645833 0.000000
9.650000 0.000000
9.654167 0.000000
9.658333 0.000000
9.662500 0.000639
9.666667 0.009085
9.670833 0.044939
9.675000 0.123808
9.679167 0.243260
9.683333 0.390250
9.687500 0.544548
9.691667 0.673606
9.695833 0.737031
9.700000 0.719908
9.704167 0.644879
9.708333 0.533491
9.712500 0.398283
9.716667 0.251574
9.720833 0.115764
9.725000 0.028254
9.729167 0.002184
9.733333 0.000000
9.737500 0.000000
9.741667 0.000000
9.745833 0.000000
9.750000 0.000000
9.754167 0.000000
9.758333 0.000000
9.762500 0.000000
9.766667 0.000000
9.770833 0.000000
9.775000 0.000000
9.779167 0.000000
9.783333 0.000000
9.787500 0.000000
9.791667 0.000000
9.795833 0.000000
9.800000 0.000000
9.804167 0.000000
9.808333 0.000000
9.812500 0.000341
9.816667 0.004984
9.820833 0.025975
9.825000 0.077014
9.829167 0.165123
9.833333 0.291332
9.837500 0.448472
9.841667 0.613786
9.845833 0.746557
9.850000 0.811230
9.854167 0.812479
9.858333 0.775466
9.862500 0.709133
9.866667 0.612596
9.870833 0.486805
9.875000 0.339573
9.879167 0.191085
9.883333 0.074661
9.887500 0.015772
9.891667 0.001132
9.895833 0.000000
9.900000 0.000000
9.904167 0.000000
9.908333 0.000000
9.912500 0.000000
9.916667 0.000000
9.920833 0.000000
9.925000 0.000000
9.929167 0.000000
9.933333 0.000000
9.937500 0.000000
9.941667 0.000000
9.945833 0.000000
9.950000 0.000000
9.954167 0.000000
9.958333 0.000153
9.962500 0.002238
9.966667 0.011667
9.970833 0.034646
9.975000 0.074686
9.979167 0.133616
9.983333 0.211978
9.987500 0.307301
9.991667 0.411330
9.995833 0.508264
10.000000 0.578094
10.004167 0.607991
10.008333 0.601765
10.012500 0.569574
10.016667 0.516118
10.020833 0.443867
10.025000 0.356971
10.029167 0.262142
10.033333 0.168795
10.037500 0.088456
10.041667 0.032784
10.045833 0.006708
10.050000 0.000475
10.054167 0.000000
10.058333 0.000000
10.062500 0.000000
10.066667 0.000000
10.070833 0.000000
10.075000 0.000000
10.079167 0.000000
10.083333 0.000000
10.087500 0.000000
10.091667 0.000000
10.095833 0.000000
10.100000 0.000000
10.104167 0.000000
10.108333 0.000540
10.112500 0.007901
10.116667 0.041343
10.120833 0.123111
10.125000 0.264149
10.129167 0.461220
10.133333 0.686681
10.137500 0.878837
10.141667 0.977051
10.145833 0.985462
10.150000 0.944070
10.154167 0.866694
10.158333 0.750188
10.162500 0.593394
10.166667 0.406736
10.170833 0.221174
10.175000 0.082537
10.179167 0.016724
10.183333 0.001173
10.187500 0.000000
10.191667 0.000000
10.195833 0.000000
10.200000 0.000000
10.204167 0.000000
10.208333 0.000000
10.212500 0.000000
10.216667 0.000000
10.220833 0.000000
10.225000 0.000000
10.229167 0.000000
10.233333 0.000000
10.237500 0.000000
10.241667 0.000000
10.245833 0.000000
10.250000 0.000000
10.254167 0.000097
10.258333 0.001418
10.262500 0.007449
10.266667 0.022436
10.270833 0.049444
10.275000 0.091310
10.279167 0.151507
10.283333 0.233688
10.287500 0.339147
10.291667 0.460297
10.295833 0.574681
10.300000 0.653843
10.304167 0.685575
10.308333 0.679059
10.312500 0.645577
10.316667 0.588506
10.320833 0.509011
10.325000 0.410690
10.329167 0.301144
10.333333 0.192393
10.337500 0.099415
10.341667 0.036204
10.345833 0.007295
10.350000 0.000512
10.354167 0.000000
10.358333 0.000000
10.362500 0.000000
10.366667 0.000000
10.370833 0.000000
10.375000 0.000000
10.379167 0.000000
10.383333 0.000000
10.387500 0.000000
10.391667 0.000000
10.395833 0.000000
10.400000 0.000000
10.404167 0.000344
10.408333 0.005081
10.412500 0.027156
10.416667 0.083715
10.420833 0.188781
10.425000 0.351436
10.429167 0.563158
10.433333 0.778877
10.437500 0.933159
10.441667 0.993162
10.445833 0.970445
10.450000 0.883493
10.454167 0.741049
10.458333 0.552299
10.462500 0.338649
10.466667 0.146489
10.470833 0.033716
10.475000 0.002530
10.479167 0.000000
10.483333 0.000000
10.487500 0.000000
10.491667 0.000000
10.495833 0.000000
10.500000 0.000000
10.504167 0.000000
10.508333 0.000000
10.512500 0.000000
10.516667 0.000000
10.520833 0.000000
10.525000 0.000000
10.529167 0.000000
10.533333 0.000000
10.537500 0.000000
10.541667 0.000000
10.545833 0.000000
10.550000 0.000195
10.554167 0.002868
10.558333 0.015115
10.562500 0.045639
10.566667 0.100402
10.570833 0.183206
10.575000 0.294137
10.579167 0.423446
10.583333 0.546929
10.587500 0.634165
10.591667 0.667216
10.595833 0.647530
10.600000 0.585304
10.604167 0.491071
10.608333 0.375986
10.612500 0.253339
10.616667 0.139555
10.620833 0.054411
10.625000 0.011591
10.629167 0.000837
10.633333 0.000000
10.637500 0.000000
10.641667 0.000000
10.645833 0.000000
10.650000 0.000000
10.654167 0.000000
10.658333 0.000000
10.662500 0.000000
10.666667 0.000000
10.670833 0.000000
10.675000 0.000000
10.679167 0.000000
10.683333 0.000000
10.687500 0.000000
10.691667 0.000000
10.695833 0.000251
10.700000 0.003724
10.704167 0.020027
10.708333 0.062386
10.712500 0.143398
10.716667 0.276354
10.720833 0.465847
10.725000 0.678444
10.729167 0.840118
10.733333 0.904825
10.737500 0.884973
10.741667 0.803430
10.745833 0.670658
10.750000 0.496544
10.754167 0.301987
10.758333 0.129479
10.762500 0.029597
10.766667 0.002214
10.770833 0.000000
10.775000 0.000000
10.779167 0.000000
10.783333 0.000000
10.787500 0.000000
10.791667 0.000000
10.795833 0.000000
10.800000 0.000000
10.804167 0.000000
10.808333 0.000000
10.812500 0.000000
10.816667 0.000000
10.820833 0.000000
10.825000 0.000000
10.829167 0.000000
10.833333 0.000000
10.837500 0.000181
10.841667 0.002676
10.845833 0.014252
10.850000 0.043831
10.854167 0.099333
10.858333 0.189669
10.862500 0.324638
10.866667 0.503543
10.870833 0.692336
10.875000 0.829238
10.879167 0.876854
10.883333 0.836927
10.887500 0.727070
10.891667 0.570313
10.895833 0.391938
10.900000 0.219960
10.904167 0.087320
10.908333 0.018864
10.912500 0.001373
10.916667 0.000000
10.920833 0.000000
10.925000 0.000000
10.929167 0.000000
10.933333 0.000000
10.937500 0.000000
10.941667 0.000000
10.945833 0.000000
10.950000 0.000000
10.954167 0.000000
10.958333 0.000000
10.962500 0.000000
10.966667 0.000000
10.970833 0.000000
10.975000 0.000000
10.979167 0.000491
10.983333 0.007124
10.987500 0.036705
10.991667 0.107096
10.995833 0.225164
11.000000 0.388769
11.004167 0.586432
11.008333 0.790961
11.012500 0.955826
11.016667 1.036813
11.020833 1.034158
11.025000 0.976039
11.029167 0.872879
11.033333 0.723827
11.037500 0.532866
11.041667 0.320000
11.045833 0.133917
11.050000 0.029870
11.054167 0.002205
11.058333 0.000000
11.062500 0.000000
11.066667 0.000000
11.070833 0.000000
11.075000 0.000000
11.079167 0.000000
11.083333 0.000000
11.087500 0.000000
11.091667 0.000000
11.095833 0.000000
11.100000 0.000000
11.104167 0.000000
11.108333 0.000000
11.112500 0.000000
11.116667 0.000000
11.120833 0.000000
11.125000 0.000000
11.129167 0.000135
11.133333 0.001962
11.137500 0.010205
11.141667 0.030244
11.145833 0.065096
11.150000 0.116413
11.154167 0.185121
11.158333 0.270484
11.162500 0.368331
11.166667 0.469171
11.170833 0.558224
11.175000 0.618982
11.179167 0.636417
11.183333 0.601580
11.187500 0.523189
11.191667 0.418835
11.195833 0.302193
11.200000 0.184285
11.204167 0.081901
11.208333 0.019502
11.212500 0.001491
11.216667 0.000000
11.220833 0.000000
11.225000 0.000000
11.229167 0.000000
11.233333 0.000000
11.237500 0.000000
11.241667 0.000000
11.245833 0.000000
11.250000 0.000000
11.254167 0.000000
11.258333 0.000000
11.262500 0.000000
11.266667 0.000000
11.270833 0.000000
11.275000 0.000000
11.279167 0.000000
11.283333 0.000000
11.287500 0.000216
11.291667 0.003197
11.295833 0.017139
11.300000 0.053269
11.304167 0.122546
11.308333 0.238233
11.312500 0.411640
11.316667 0.623317
11.320833 0.799409
11.325000 0.874876
11.329167 0.857201
11.333333 0.776788
11.337500 0.649603
11.341667 0.486395
11.345833 0.303755
11.350000 0.135910
11.354167 0.032289
11.358333 0.002463
11.362500 0.000000
11.366667 0.000000
11.370833 0.000000
11.375000 0.000000
11.379167 0.000000
11.383333 0.000000
11.387500 0.000000
11.391667 0.000000
11.395833 0.000000
11.400000 0.000000
11.404167 0.000000
11.408333 0.000000
11.412500 0.000000
11.416667 0.000000
11.420833 0.000000
11.425000 0.000000
11.429167 0.000000
11.433333 0.000000
11.437500 0.000105
11.441667 0.001537
11.445833 0.008049
11.450000 0.024078
11.454167 0.052475
11.458333 0.095416
11.462500 0.155025
11.466667 0.232666
11.470833 0.326841
11.475000 0.429593
11.479167 0.524292
11.483333 0.590820
11.487500 0.619219
11.491667 0.616922
11.495833 0.594599
11.500000 0.554705
11.504167 0.496164
11.508333 0.419225
11.512500 0.327653
11.516667 0.230169
11.520833 0.139475
11.525000 0.068088
11.529167 0.023548
11.533333 0.004569
11.537500 0.000314
11.541667 0.000000
11.545833 0.000000
11.550000 0.000000
11.554167 0.000000
11.558333 0.000000
11.562500 0.000000
11.566667 0.000000
11.570833 0.000000
11.575000 0.000000
11.579167 0.000000
11.583333 0.000000
11.587500 0.000000
11.591667 0.000000
11.595833 0.000576
11.600000 0.008384
11.604167 0.043385
11.608333 0.126899
11.612500 0.265722
11.616667 0.451042
11.620833 0.653799
11.625000 0.821028
11.629167 0.901632
11.633333 0.890565
11.637500 0.810505
11.641667 0.670182
11.645833 0.478707
11.650000 0.270225
11.654167 0.103998
11.658333 0.021529
11.662500 0.001527
11.666667 0.000000
11.670833 0.000000
11.675000 0.000000
11.679167 0.000000
11.683333 0.000000
11.687500 0.000000
11.691667 0.000000
11.695833 0.000000
11.700000 0.000000
11.704167 0.000000
11.708333 0.000000
11.712500 0.000000
11.716667 0.000000
11.720833 0.000000
11.725000 0.000000
11.729167 0.000000
11.733333 0.000000
11.737500 0.000165
11.741667 0.002407
11.745833 0.012568
11.750000 0.037460
11.754167 0.081274
11.758333 0.146806
11.762500 0.236204
11.766667 0.349515
11.770833 0.481642
11.775000 0.618936
11.779167 0.739489
11.783333 0.820971
11.787500 0.852150
11.791667 0.836377
11.795833 0.781385
11.800000 0.692210
11.804167 0.574222
11.808333 0.436146
11.812500 0.291356
11.816667 0.158642
11.820833 0.060956
11.825000 0.012817
11.829167 0.000920
11.833333 0.000000
11.837500 0.000000
11.841667 0.000000
11.845833 0.000000
11.850000 0.000000
11.854167 0.000000
11.858333 0.000000
11.862500 0.000000
11.866667 0.000000
11.870833 0.000000
11.875000 0.000000
11.879167 0.000000
11.883333 0.000000
11.887500 0.000000
11.891667 0.000000
11.895833 0.000397
11.900000 0.005774
11.904167 0.029881
11.908333 0.087734
11.912500 0.186026
11.916667 0.324719
11.920833 0.496131
11.925000 0.677992
11.929167 0.827943
11.933333 0.902759
11.937500 0.900319
11.941667 0.846504
11.945833 0.751770
11.950000 0.616805
11.954167 0.447473
11.958333 0.263948
11.962500 0.108434
11.966667 0.023846
11.970833 0.001748
11.975000 0.000000
11.979167 0.000000
11.983333 0.000000
11.987500 0.000000
11.991667 0.000000
11.995833 0.000000
12.000000 0.000000
12.004167 0.000000
12.008333 0.000000
12.012500 0.000000
12.016667 0.000000
12.020833 0.000000
12.025000 0.000000
12.029167 0.000000
12.033333 0.000000
12.037500 0.000000
12.041667 0.000000
12.045833 0.000000
12.050000 0.000000
12.054167 0.000623
12.058333 0.008745
12.062500 0.042261
12.066667 0.113183
12.070833 0.216978
12.075000 0.343216
12.079167 0.481054
12.083333 0.616885
12.087500 0.728387
12.091667 0.785874
12.095833 0.778927
12.100000 0.725910
12.104167 0.640094
12.108333 0.526899
12.112500 0.392147
12.116667 0.245937
12.120833 0.111560
12.125000 0.026864
12.129167 0.002063
12.133333 0.000000
12.137500 0.000000
12.141667 0.000000
12.145833 0.000000
12.150000 0.000000
12.154167 0.000000
12.158333 0.000000
12.162500 0.000000
12.166667 0.000000
12.170833 0.000000
12.175000 0.000000
12.179167 0.000000
12.183333 0.000000
12.187500 0.000000
12.191667 0.000000
12.195833 0.000000
12.200000 0.000000
12.204167 0.000000
12.208333 0.000000
12.212500 0.000000
12.216667 0.000842
12.220833 0.012070
12.225000 0.060702
12.229167 0.170359
12.233333 0.338632
12.237500 0.539295
12.241667 0.720025
12.245833 0.817663
12.250000 0.816128
12.254167 0.747121
12.258333 0.627689
12.262500 0.464805
12.266667 0.279133
12.270833 0.116430
12.275000 0.025880
12.279167 0.001907
12.283333 0.000000
12.287500 0.000000
12.291667 0.000000
12.295833 0.000000
12.300000 0.000000
12.304167 0.000000
12.308333 0.000000
12.312500 0.000000
12.316667 0.000000
12.320833 0.000000
12.325000 0.000000
12.329167 0.000000
12.333333 0.000000
12.337500 0.000000
12.341667 0.000000
12.345833 0.000000
12.350000 0.000000
12.354167 0.000253
12.358333 0.003690
12.362500 0.019146
12.366667 0.056424
12.370833 0.120076
12.375000 0.210196
12.379167 0.322196
12.383333 0.444197
12.387500 0.556372
12.391667 0.635196
12.395833 0.658645
12.400000 0.614819
12.404167 0.517267
12.408333 0.389521
12.412500 0.249413
12.416667 0.117486
12.420833 0.029268
12.425000 0.002285
12.429167 0.000000
12.433333 0.000000
12.437500 0.000000
12.441667 0.000000
12.445833 0.000000
12.450000 0.000000
12.454167 0.000000
12.458333 0.000000
12.462500 0.000000
12.466667 0.000000
12.470833 0.000000
12.475000 0.000000
12.479167 0.000000
12.483333 0.000000
12.487500 0.000000
12.491667 0.000000
12.495833 0.000000
12.500000 0.000000
12.504167 0.000752
12.508333 0.010831
12.512500 0.054889
12.516667 0.155918
12.520833 0.315439
12.525000 0.516928
12.529167 0.727468
12.533333 0.896634
12.537500 0.975083
12.541667 0.950948
12.545833 0.840171
12.550000 0.652563
12.554167 0.409556
12.558333 0.177026
12.562500 0.040264
12.566667 0.002998
12.570833 0.000000
12.575000 0.000000
12.579167 0.000000
12.583333 0.000000
12.587500 0.000000
12.591667 0.000000
12.595833 0.000000
12.600000 0.000000
12.604167 0.000000
12.608333 0.000000
12.612500 0.000000
12.616667 0.000000
12.620833 0.000000
12.625000 0.000000
12.629167 0.000000
12.633333 0.000000
12.637500 0.000000
12.641667 0.000000
12.645833 0.000000
12.650000 0.000246
12.654167 0.003567
12.658333 0.018284
12.662500 0.053023
12.666667 0.110966
12.670833 0.191696
12.675000 0.292326
12.679167 0.405915
12.683333 0.518696
12.687500 0.607766
12.691667 0.647830
12.695833 0.631201
12.700000 0.570585
12.704167 0.479690
12.708333 0.369557
12.712500 0.251931
12.716667 0.141233
12.720833 0.056259
12.725000 0.012206
12.729167 0.000890
12.733333 0.000000
12.737500 0.000000
12.741667 0.000000
12.745833 0.000000
12.750000 0.000000
12.754167 0.000000
12.758333 0.000000
12.762500 0.000000
12.766667 0.000000
12.770833 0.000000
12.775000 0.000000
12.779167 0.000000
12.783333 0.000000
12.787500 0.000000
12.791667 0.000000
12.795833 0.000000
12.800000 0.000000
12.804167 0.000000
12.808333 0.000560
12.812500 0.008084
12.816667 0.041155
12.820833 0.117724
12.825000 0.240458
12.829167 0.398708
12.833333 0.568203
12.837500 0.707872
12.841667 0.774161
12.845833 0.754978
12.850000 0.665225
12.854167 0.515891
12.858333 0.324956
12.862500 0.142023
12.866667 0.032696
12.870833 0.002451
12.875000 0.000000
12.879167 0.000000
12.883333 0.000000
12.887500 0.000000
12.891667 0.000000
12.895833 0.000000
12.900000 0.000000
12.904167 0.000000
12.908333 0.000000
12.912500 0.000000
12.916667 0.000000
12.920833 0.000000
12.925000 0.000000
12.929167 0.000000
12.933333 0.000000
12.937500 0.000000
12.941667 0.000000
12.945833 0.000000
12.950000 0.000000
12.954167 0.000000
12.958333 0.000079
12.962500 0.001160
12.966667 0.006103
12.970833 0.018426
12.975000 0.040747
12.979167 0.075677
12.983333 0.126799
12.987500 0.199289
12.991667 0.299903
12.995833 0.433300
13.000000 0.589115
13.004167 0.731363
13.008333 0.822025
13.012500 0.855745
13.016667 0.850934
13.020833 0.821189
13.025000 0.768463
13.029167 0.691179
13.033333 0.589269
13.037500 0.466634
13.041667 0.333382
13.045833 0.205841
13.050000 0.102271
13.054167 0.035865
13.058333 0.007023
13.062500 0.000485
13.066667 0.000000
13.070833 0.000000
13.075000 0.000000
13.079167 0.000000
13.083333 0.000000
13.087500 0.000000
13.091667 0.000000
13.095833 0.000000
13.100000 0.000000
13.104167 0.000000
13.108333 0.000000
13.112500 0.000000
13.116667 0.000000
13.120833 0.000000
13.125000 0.000253
13.129167 0.003723
13.133333 0.019689
13.137500 0.059768
13.141667 0.132556
13.145833 0.244641
13.150000 0.398191
13.154167 0.581001
13.158333 0.757579
13.162500 0.882335
13.166667 0.933502
13.170833 0.924091
13.175000 0.873061
13.179167 0.787192
13.183333 0.668981
13.187500 0.523708
13.191667 0.362354
13.195833 0.204794
13.200000 0.081472
13.204167 0.017574
13.208333 0.001277
13.212500 0.000000
13.216667 0.000000
13.220833 0.000000
13.225000 0.000000
13.229167 0.000000
13.233333 0.000000
13.237500 0.000000
13.241667 0.000000
13.245833 0.000000
13.250000 0.000000
13.254167 0.000000
13.258333 0.000000
13.262500 0.000000
13.266667 0.000000
13.270833 0.000000
13.275000 0.000000
13.279167 0.000000
13.283333 0.000690
13.287500 0.009921
13.291667 0.050158
13.295833 0.142175
13.300000 0.287532
13.304167 0.472383
13.308333 0.668713
13.312500 0.830806
13.316667 0.912584
13.320833 0.910059
13.325000 0.850599
13.329167 0.745584
13.333333 0.597186
13.337500 0.416619
13.341667 0.232676
13.345833 0.089801
13.350000 0.018755
13.354167 0.001338
13.358333 0.000000
13.362500 0.000000
13.366667 0.000000
13.370833 0.000000
13.375000 0.000000
13.379167 0.000000
13.383333 0.000000
13.387500 0.000000
13.391667 0.000000
13.395833 0.000000
13.400000 0.000000
13.404167 0.000000
13.408333 0.000000
13.412500 0.000000
13.416667 0.000000
13.420833 0.000000
13.425000 0.000000
13.429167 0.000339
13.433333 0.004973
13.437500 0.026230
13.441667 0.079221
13.445833 0.174096
13.450000 0.316164
13.454167 0.500454
13.458333 0.698261
13.462500 0.854778
13.466667 0.923570
13.470833 0.904118
13.475000 0.818872
13.479167 0.681979
13.483333 0.504910
13.487500 0.308432
13.491667 0.133518
13.495833 0.030814
13.500000 0.002317
13.504167 0.000000
13.508333 0.000000
13.512500 0.000000
13.516667 0.000000
13.520833 0.000000
13.525000 0.000000
13.529167 0.000000
13.533333 0.000000
13.537500 0.000000
13.541667 0.000000
13.545833 0.000000
13.550000 0.000000
13.554167 0.000000
13.558333 0.000000
13.562500 0.000000
13.566667 0.000000
13.570833 0.000000
13.575000 0.000000
13.579167 0.000000
13.583333 0.000234
13.587500 0.003414
13.591667 0.017809
13.595833 0.052876
13.600000 0.113793
13.604167 0.202735
13.608333 0.318722
13.612500 0.453838
13.616667 0.588383
13.620833 0.691564
13.625000 0.738987
13.629167 0.734548
13.633333 0.695997
13.637500 0.631588
13.641667 0.544455
13.645833 0.439397
13.650000 0.324205
13.654167 0.209989
13.658333 0.110765
13.662500 0.041320
13.666667 0.008499
13.670833 0.000603
13.675000 0.000000
13.679167 0.000000
13.683333 0.000000
13.687500 0.000000
13.691667 0.000000
13.695833 0.000000
13.700000 0.000000
13.704167 0.000000
13.708333 0.000000
13.712500 0.000000
13.716667 0.000000
13.720833 0.000000
13.725000 0.000000
13.729167 0.000000
13.733333 0.000000
13.737500 0.000000
13.741667 0.000321
13.745833 0.004753
13.750000 0.025454
13.754167 0.078700
13.758333 0.178327
13.762500 0.334568
13.766667 0.541581
13.770833 0.756027
13.775000 0.911021
13.779167 0.975613
13.783333 0.971688
13.787500 0.926049
13.791667 0.844929
13.795833 0.726745
13.800000 0.573108
13.804167 0.394984
13.808333 0.218696
13.812500 0.083960
13.816667 0.017486
13.820833 0.001246
13.825000 0.000000
13.829167 0.000000
13.833333 0.000000
13.837500 0.000000
13.841667 0.000000
13.845833 0.000000
13.850000 0.000000
13.854167 0.000000
13.858333 0.000000
13.862500 0.000000
13.866667 0.000000
13.870833 0.000000
13.875000 0.000000
13.879167 0.000000
13.883333 0.000000
13.887500 0.000000
13.891667 0.000210
13.895833 0.003049
13.900000 0.015713
13.904167 0.045920
13.908333 0.097066
13.912500 0.169790
13.916667 0.262952
13.920833 0.372508
13.925000 0.489651
13.929167 0.599149
13.933333 0.680352
13.937500 0.717444
13.941667 0.713876
13.945833 0.682436
13.950000 0.627676
13.954167 0.549790
13.958333 0.450775
13.962500 0.336692
13.966667 0.219189
13.970833 0.115151
13.975000 0.042460
13.979167 0.008623
13.983333 0.000607
13.987500 0.000000
13.991667 0.000000
13.995833 0.000000
14.000000 0.000000
14.004167 0.000000
14.008333 0.000000
14.012500 0.000000
14.016667 0.000000
14.020833 0.000000
14.025000 0.000000
14.029167 0.000000
14.033333 0.000000
14.037500 0.000000
14.041667 0.000000
14.045833 0.000644
14.050000 0.009319
14.054167 0.047637
14.058333 0.137025
14.062500 0.281531
14.066667 0.469198
14.070833 0.670797
14.075000 0.836813
14.079167 0.919957
14.083333 0.919842
14.087500 0.866455
14.091667 0.771511
14.095833 0.635058
14.100000 0.462165
14.104167 0.273140
14.108333 0.112200
14.112500 0.024646
14.116667 0.001805
14.120833 0.000000
14.125000 0.000000
14.129167 0.000000
14.133333 0.000000
14.137500 0.000000
14.141667 0.000000
14.145833 0.000000
14.150000 0.000000
14.154167 0.000000
14.158333 0.000000
14.162500 0.000000
14.166667 0.000000
14.170833 0.000000
14.175000 0.000000
14.179167 0.000000
14.183333 0.000000
14.187500 0.000000
14.191667 0.000000
14.195833 0.000205
14.200000 0.002997
14.204167 0.015631
14.208333 0.046514
14.212500 0.100604
14.216667 0.180568
14.220833 0.286924
14.225000 0.414471
14.229167 0.546173
14.233333 0.650858
14.237500 0.700020
14.241667 0.694177
14.245833 0.650538
14.250000 0.577688
14.254167 0.479672
14.258333 0.363553
14.262500 0.241267
14.266667 0.129882
14.270833 0.049185
14.275000 0.010211
14.279167 0.000727
14.283333 0.000000
14.287500 0.000000
14.291667 0.000000
14.295833 0.000000
14.300000 0.000000
14.304167 0.000000
14.308333 0.000000
14.312500 0.000000
14.316667 0.000000
14.320833 0.000000
14.325000 0.000000
14.329167 0.000000
14.333333 0.000000
14.337500 0.000000
14.341667 0.000000
14.345833 0.000537
14.350000 0.007888
14.354167 0.041537
14.358333 0.124773
14.362500 0.270593
14.366667 0.477878
14.370833 0.717901
14.375000 0.922431
14.379167 1.022735
14.383333 1.015968
14.387500 0.935160
14.391667 0.791586
14.395833 0.588812
14.400000 0.352123
14.404167 0.144596
14.408333 0.031566
14.412500 0.002302
14.416667 0.000000
14.420833 0.000000
14.425000 0.000000
14.429167 0.000000
14.433333 0.000000
14.437500 0.000000
14.441667 0.000000
14.445833 0.000000
14.450000 0.000000
14.454167 0.000000
14.458333 0.000000
14.462500 0.000000
14.466667 0.000000
14.470833 0.000000
14.475000 0.000000
14.479167 0.000000
14.483333 0.000000
14.487500 0.000000
14.491667 0.000000
14.495833 0.000139
14.500000 0.002047
14.504167 0.010793
14.508333 0.032623
14.512500 0.072042
14.516667 0.132819
14.520833 0.218204
14.525000 0.328278
14.529167 0.454919
14.533333 0.579105
14.537500 0.678094
14.541667 0.738037
14.545833 0.756248
14.550000 0.733236
14.554167 0.670623
14.558333 0.573904
14.562500 0.451647
14.566667 0.315270
14.570833 0.181191
14.575000 0.073918
14.579167 0.016325
14.583333 0.001201
14.587500 0.000000
14.591667 0.000000
14.595833 0.000000
14.600000 0.000000
14.604167 0.000000
14.608333 0.000000
14.612500 0.000000
14.616667 0.000000
14.620833 0.000000
14.625000 0.000000
14.629167 0.000000
14.633333 0.000000
14.637500 0.000000
14.641667 0.000000
14.645833 0.000264
14.650000 0.003893
14.654167 0.020767
14.658333 0.063935
14.662500 0.144858
14.666667 0.275452
14.670833 0.463552
14.675000 0.688626
14.679167 0.879971
14.683333 0.970010
14.687500 0.966884
14.691667 0.905836
14.695833 0.797765
14.700000 0.643726
14.704167 0.453644
14.708333 0.256353
14.712500 0.100056
14.716667 0.021070
14.720833 0.001509
14.725000 0.000000
14.729167 0.000000
14.733333 0.000000
14.737500 0.000000
14.741667 0.000000
14.745833 0.000000
14.750000 0.000000
14.754167 0.000000
14.758333 0.000000
14.762500 0.000000
14.766667 0.000000
14.770833 0.000000
14.775000 0.000000
14.779167 0.000000
14.783333 0.000000
14.787500 0.000103
14.791667 0.001514
14.795833 0.007953
14.800000 0.023913
14.804167 0.052494
14.808333 0.096365
14.812500 0.158550
14.816667 0.241910
14.820833 0.347119
14.825000 0.468402
14.829167 0.589785
14.833333 0.689250
14.837500 0.750553
14.841667 0.765948
14.845833 0.730055
14.850000 0.647688
14.854167 0.534382
14.858333 0.405557
14.862500 0.274095
14.866667 0.153525
14.870833 0.061544
14.875000 0.013460
14.879167 0.000986
14.883333 0.000000
14.887500 0.000000
14.891667 0.000000
14.895833 0.000000
14.900000 0.000000
14.904167 0.000000
14.908333 0.000000
14.912500 0.000000
14.916667 0.000000
14.920833 0.000000
14.925000 0.000000
14.929167 0.000000
14.933333 0.000000
14.937500 0.000000
14.941667 0.000000
14.945833 0.000000
14.950000 0.000352
14.954167 0.005235
14.958333 0.028275
14.962500 0.088498
14.966667 0.203604
14.970833 0.386263
14.975000 0.617514
14.979167 0.818408
14.983333 0.907478
14.987500 0.879956
14.991667 0.764425
14.995833 0.580874
15.000000 0.357793
15.004167 0.153422
15.008333 0.034892
15.012500 0.002601
15.016667 0.000000
15.020833 0.000000
15.025000 0.000000
15.029167 0.000000
15.033333 0.000000
15.037500 0.000000
15.041667 0.000000
15.045833 0.000000
15.050000 0.000000
15.054167 0.000000
15.058333 0.000000
15.062500 0.000000
15.066667 0.000000
15.070833 0.000000
15.075000 0.000000
15.079167 0.000000
15.083333 0.000112
15.087500 0.001647
15.091667 0.008708
15.095833 0.026488
15.100000 0.059174
15.104167 0.111214
15.108333 0.188501
15.112500 0.297122
15.116667 0.435272
15.120833 0.578112
15.125000 0.682243
15.129167 0.726445
15.133333 0.727348
15.137500 0.704843
15.141667 0.662797
15.145833 0.598177
15.150000 0.508595
15.154167 0.396591
15.158333 0.274015
15.162500 0.160887
15.166667 0.075477
15.170833 0.025129
15.175000 0.004740
15.179167 0.000321
15.183333 0.000000
15.187500 0.000000
15.191667 0.000000
15.195833 0.000000
15.200000 0.000000
15.204167 0.000000
15.208333 0.000000
15.212500 0.000000
15.216667 0.000000
15.220833 0.000000
15.225000 0.000000
15.229167 0.000561
15.233333 0.008204
15.237500 0.042860
15.241667 0.126929
15.245833 0.268883
15.250000 0.458948
15.254167 0.662411
15.258333 0.822193
15.262500 0.889969
15.266667 0.858239
15.270833 0.744605
15.275000 0.567103
15.279167 0.352459
15.283333 0.153652
15.287500 0.035503
15.291667 0.002669
15.295833 0.000000
15.300000 0.000000
15.304167 0.000000
15.308333 0.000000
15.312500 0.000000
15.316667 0.000000
15.320833 0.000000
15.325000 0.000000
15.329167 0.000000
15.333333 0.000000
15.337500 0.000000
15.341667 0.000000
15.345833 0.000000
15.350000 0.000000
15.354167 0.000000
15.358333 0.000000
15.362500 0.000000
15.366667 0.000000
15.370833 0.000000
15.375000 0.000000
15.379167 0.000293
15.383333 0.004263
15.387500 0.022054
15.391667 0.064712
15.395833 0.137022
15.400000 0.238515
15.404167 0.362657
15.408333 0.492222
15.412500 0.596720
15.416667 0.645669
15.420833 0.634950
15.425000 0.581236
15.429167 0.496729
15.433333 0.389661
15.437500 0.270432
15.441667 0.154058
15.445833 0.062154
15.450000 0.013596
15.454167 0.000996
15.458333 0.000000
15.462500 0.000000
15.466667 0.000000
15.470833 0.000000
15.475000 0.000000
15.479167 0.000000
15.483333 0.000000
15.487500 0.000000
15.491667 0.000000
15.495833 0.000000
15.500000 0.000000
15.504167 0.000000
15.508333 0.000000
15.512500 0.000000
15.516667 0.000000
15.520833 0.000000
15.525000 0.000940
15.529167 0.013584
15.533333 0.069268
15.537500 0.197955
15.541667 0.400305
15.545833 0.644251
15.550000 0.861724
15.554167 0.977900
15.558333 0.984536
15.562500 0.924447
15.566667 0.815633
15.570833 0.659062
15.575000 0.464292
15.579167 0.261489
15.583333 0.101418
15.587500 0.021219
15.591667 0.001514
15.595833 0.000000
15.600000 0.000000
15.604167 0.000000
15.608333 0.000000
15.612500 0.000000
15.616667 0.000000
15.620833 0.000000
15.625000 0.000000
15.629167 0.000000
15.633333 0.000000
15.637500 0.000000
15.641667 0.000000
15.645833 0.000000
15.650000 0.000000
15.654167 0.000000
15.658333 0.000000
15.662500 0.000000
15.666667 0.000000
15.670833 0.000000
15.675000 0.000337
15.679167 0.004939
15.683333 0.025970
15.687500 0.077954
15.691667 0.169470
15.695833 0.302828
15.700000 0.469569
15.704167 0.641485
15.708333 0.772730
15.712500 0.823233
15.716667 0.782101
15.720833 0.664847
15.725000 0.496127
15.729167 0.304809
15.733333 0.133181
15.737500 0.031022
15.741667 0.002344
15.745833 0.000000
15.750000 0.000000
15.754167 0.000000
15.758333 0.000000
15.762500 0.000000
15.766667 0.000000
15.770833 0.000000
15.775000 0.000000
15.779167 0.000000
15.783333 0.000000
15.787500 0.000000
15.791667 0.000000
15.795833 0.000000
15.800000 0.000000
15.804167 0.000000
15.808333 0.000000
15.812500 0.000243
15.816667 0.003569
15.820833 0.018903
15.825000 0.057493
15.829167 0.127805
15.833333 0.236426
15.837500 0.384534
15.841667 0.553779
15.845833 0.695708
15.850000 0.762437
15.854167 0.754002
15.858333 0.695922
15.862500 0.602274
15.866667 0.480443
15.870833 0.340451
15.875000 0.198702
15.879167 0.082218
15.883333 0.018343
15.887500 0.001356
15.891667 0.000000
15.895833 0.000000
15.900000 0.000000
15.904167 0.000000
15.908333 0.000000
15.912500 0.000000
15.916667 0.000000
15.920833 0.000000
15.925000 0.000000
15.929167 0.000000
15.933333 0.000000
15.937500 0.000000
15.941667 0.000000
15.945833 0.000000
15.950000 0.000000
15.954167 0.000000
15.958333 0.000130
15.962500 0.001900
15.966667 0.009986
15.970833 0.030008
15.975000 0.065760
15.979167 0.120368
15.983333 0.196995
15.987500 0.297710
15.991667 0.420099
15.995833 0.551969
16.000000 0.669912
16.004167 0.749331
16.008333 0.779504
16.012500 0.765748
16.016667 0.716543
16.020833 0.636686
16.025000 0.530736
16.029167 0.405996
16.033333 0.273833
16.037500 0.150863
16.041667 0.058695
16.045833 0.012466
16.050000 0.000899
16.054167 0.000000
16.058333 0.000000
16.062500 0.000000
16.066667 0.000000
16.070833 0.000000
16.075000 0.000000
16.079167 0.000000
16.083333 0.000000
16.087500 0.000000
16.091667 0.000000
16.095833 0.000000
16.100000 0.000000
16.104167 0.000000
16.108333 0.000000
16.112500 0.000468
16.116667 0.006975
16.120833 0.037845
16.125000 0.118949
16.129167 0.271097
16.133333 0.488716
16.137500 0.700415
16.141667 0.807430
16.145833 0.796001
16.150000 0.700995
16.154167 0.539611
16.158333 0.333541
16.162500 0.141275
16.166667 0.031570
16.170833 0.002329
16.175000 0.000000
16.179167 0.000000
16.183333 0.000000
16.187500 0.000000
16.191667 0.000000
16.195833 0.000000
16.200000 0.000000
16.204167 0.000000
16.208333 0.000000
16.212500 0.000000
16.216667 0.000000
16.220833 0.000000
16.225000 0.000000
16.229167 0.000000
16.233333 0.000194
16.237500 0.002827
16.241667 0.014743
16.245833 0.043866
16.250000 0.094881
16.254167 0.170453
16.258333 0.271749
16.262500 0.396108
16.266667 0.533043
16.270833 0.661427
16.275000 0.753798
16.279167 0.789859
16.283333 0.767628
16.287500 0.697706
16.291667 0.591900
16.295833 0.461525
16.300000 0.319396
16.304167 0.182269
16.308333 0.073996
16.312500 0.016298
16.316667 0.001198
16.320833 0.000000
16.325000 0.000000
16.329167 0.000000
16.333333 0.000000
16.337500 0.000000
16.341667 0.000000
16.345833 0.000000
16.350000 0.000000
16.354167 0.000000
16.358333 0.000000
16.362500 0.000000
16.366667 0.000000
16.370833 0.000000
16.375000 0.000000
16.379167 0.000000
16.383333 0.000640
16.387500 0.009402
16.391667 0.049622
16.395833 0.149258
16.400000 0.321667
16.404167 0.552042
16.408333 0.773639
16.412500 0.894750
16.416667 0.897357
16.420833 0.824165
16.425000 0.695522
16.429167 0.517632
16.433333 0.312127
16.437500 0.130412
16.441667 0.028987
16.445833 0.002135
16.450000 0.000000
16.454167 0.000000
16.458333 0.000000
16.462500 0.000000
16.466667 0.000000
16.470833 0.000000
16.475000 0.000000
16.479167 0.000000
16.483333 0.000000
16.487500 0.000000
16.491667 0.000000
16.495833 0.000000
16.500000 0.000000
16.504167 0.000000
16.508333 0.000000
16.512500 0.000000
16.516667 0.000000
16.520833 0.000078
16.525000 0.001148
16.529167 0.006030
16.533333 0.018174
16.537500 0.040103
16.541667 0.074253
16.545833 0.123949
16.550000 0.193976
16.554167 0.290959
16.558333 0.421814
16.562500 0.585104
16.566667 0.756085
16.570833 0.892526
16.575000 0.970591
16.579167 0.996029
16.583333 0.982859
16.587500 0.938464
16.591667 0.865326
16.595833 0.765908
16.600000 0.644610
16.604167 0.508376
16.608333 0.367018
16.612500 0.233058
16.616667 0.120876
16.620833 0.044498
16.625000 0.009071
16.629167 0.000641
16.633333 0.000000
16.637500 0.000000
16.641667 0.000000
16.645833 0.000000
16.650000 0.000000
16.654167 0.000000
16.658333 0.000000
16.662500 0.000000
16.666667 0.000000
16.670833 0.000000
16.675000 0.000000
16.679167 0.000000
16.683333 0.000000
16.687500 0.000000
16.691667 0.000000
16.695833 0.000000
16.700000 0.000000
16.704167 0.000000
