0.004167 1.000000
0.008333 1.000000
0.012500 1.000000
0.016667 1.000000
0.020833 1.000000
0.025000 1.000000
0.029167 1.000000
0.033333 1.000000
0.037500 1.000000
0.041667 1.000000
0.045833 1.000000
0.050000 1.000000
0.054167 1.000000
0.058333 1.000000
0.062500 1.000000
0.066667 1.000000
0.070833 1.000000
0.075000 1.000000
0.079167 1.000000
0.083333 1.000000
0.087500 1.000000
0.091667 1.000000
0.095833 1.000000
0.100000 1.000000
0.104167 1.000000
0.108333 1.000000
0.112500 1.000000
0.116667 1.000000
0.120833 1.000000
0.125000 1.000000
0.129167 1.000000
0.133333 1.000000
0.137500 1.000000
0.141667 1.000000
0.145833 1.000000
0.150000 1.000000
0.154167 1.000000
0.158333 1.000000
0.162500 1.000000
0.166667 1.000000
0.170833 1.000000
0.175000 1.000000
0.179167 1.000000
0.183333 1.000000
0.187500 1.000000
0.191667 1.000000
0.195833 1.000000
0.200000 1.000000
0.204167 1.000000
0.208333 1.000000
0.212500 1.000000
0.216667 1.000000
0.220833 1.000000
0.225000 1.000000
0.229167 1.000000
0.233333 1.000000
0.237500 1.000000
0.241667 1.000000
0.245833 1.000000
0.250000 1.000000
0.254167 1.000000
0.258333 1.000000
0.262500 1.000000
0.266667 1.000000
0.270833 1.000000
0.275000 1.000000
0.279167 1.000000
0.283333 1.000000
0.287500 1.000000
0.291667 1.000000
0.295833 1.000000
0.300000 1.000000
0.304167 1.000000
0.308333 1.000000
0.312500 1.000000
0.316667 1.000000
0.320833 1.000000
0.325000 1.000000
0.329167 1.000000
0.333333 1.000000
0.337500 1.000000
0.341667 1.000000
0.345833 1.000000
0.350000 1.000000
0.354167 1.000000
0.358333 1.000000
0.362500 1.000000
0.366667 1.000000
0.370833 1.000000
0.375000 1.000000
0.379167 1.000000
0.383333 1.000000
0.387500 1.000000
0.391667 1.000000
0.395833 1.000000
0.400000 1.000000
0.404167 1.000000
0.408333 1.000000
0.412500 1.000000
0.416667 1.000000
0.420833 1.000000
0.425000 1.000000
0.429167 1.000000
0.433333 1.000000
0.437500 1.000000
0.441667 1.000000
0.445833 1.000000
0.450000 1.000000
0.454167 1.000000
0.458333 1.000000
0.462500 1.000000
0.466667 1.000000
0.470833 1.000000
0.475000 1.000000
0.479167 1.000000
0.483333 1.000000
0.487500 1.000000
0.491667 1.000000
0.495833 1.000000
0.500000 1.000000
0.504167 1.000000
0.508333 1.000000
0.512500 1.000000
0.516667 1.000000
0.520833 1.000000
0.525000 1.000000
0.529167 1.000000
0.533333 1.000000
0.537500 1.000000
0.541667 1.000000
0.545833 1.000000
0.550000 1.000000
0.554167 1.000000
0.558333 1.000000
0.562500 1.000000
0.566667 1.000000
0.570833 1.000000
0.575000 1.000000
0.579167 1.000000
0.583333 1.000000
0.587500 1.000000
0.591667 1.000000
0.595833 1.000000
0.600000 1.000000
0.604167 1.000000
0.608333 1.000000
0.612500 1.000000
0.616667 1.000000
0.620833 1.000000
0.625000 1.000000
0.629167 1.000000
0.633333 1.000000
0.637500 1.000000
0.641667 1.000000
0.645833 1.000000
0.650000 1.000000
0.654167 1.000000
0.658333 1.000000
0.662500 1.000000
0.666667 1.000000
0.670833 1.000000
0.675000 1.000000
0.679167 1.000000
0.683333 1.000000
0.687500 1.000000
0.691667 1.000000
0.695833 1.000000
0.700000 1.000000
0.704167 1.000000
0.708333 1.000000
0.712500 1.000000
0.716667 1.000000
0.720833 1.000000
0.725000 1.000000
0.729167 1.000000
0.733333 1.000000
0.737500 1.000000
0.741667 1.000000
0.745833 1.000000
0.750000 1.000000
0.754167 1.000000
0.758333 1.000000
0.762500 1.000000
0.766667 1.000000
0.770833 1.000000
0.775000 1.000000
0.779167 1.000000
0.783333 1.000000
0.787500 1.000000
0.791667 1.000000
0.795833 1.000000
0.800000 1.000000
0.804167 1.000000
0.808333 1.000000
0.812500 1.000000
0.816667 1.000000
0.820833 1.000000
0.825000 1.000000
0.829167 1.000000
0.833333 1.000000
0.837500 1.000000
0.841667 1.000000
0.845833 1.000000
0.850000 1.000000
0.854167 1.000000
0.858333 1.000000
0.862500 1.000000
0.866667 1.000000
0.870833 1.000000
0.875000 1.000000
0.879167 1.000000
0.883333 1.000000
0.887500 1.000000
0.891667 1.000000
0.895833 1.000000
0.900000 1.000000
0.904167 1.000000
0.908333 1.000000
0.912500 1.000000
0.916667 1.000000
0.920833 1.000000
0.925000 1.000000
0.929167 1.000000
0.933333 1.000000
0.937500 1.000000
0.941667 1.000000
0.945833 1.000000
0.950000 1.000000
0.954167 1.000000
0.958333 1.000000
0.962500 1.000000
0.966667 1.000000
0.970833 1.000000
0.975000 1.000000
0.979167 1.000000
0.983333 1.000000
0.987500 1.000000
0.991667 1.000000
0.995833 1.000000
1.000000 1.000000
1.004167 1.000000
1.008333 1.000000
1.012500 1.000000
1.016667 1.000000
1.020833 1.000000
1.025000 1.000000
1.029167 1.000000
1.033333 1.000000
1.037500 1.000000
1.041667 1.000000
1.045833 1.000000
1.050000 1.000000
1.054167 1.000000
1.058333 1.000000
1.062500 1.000000
1.066667 1.000000
1.070833 1.000000
1.075000 1.000000
1.079167 1.000000
1.083333 1.000000
1.087500 1.000000
1.091667 1.000000
1.095833 1.000000
1.100000 1.000000
1.104167 1.000000
1.108333 1.000000
1.112500 1.000000
1.116667 1.000000
1.120833 1.000000
1.125000 1.000000
1.129167 1.000000
1.133333 1.000000
1.137500 1.000000
1.141667 1.000000
1.145833 1.000000
1.150000 1.000000
1.154167 1.000000
1.158333 1.000000
1.162500 1.000000
1.166667 1.000000
1.170833 1.000000
1.175000 1.000000
1.179167 1.000000
1.183333 1.000000
1.187500 1.000000
1.191667 1.000000
1.195833 1.000000
1.200000 1.000000
1.204167 1.000000
1.208333 1.000000
1.212500 1.000000
1.216667 1.000000
1.220833 1.000000
1.225000 1.000000
1.229167 1.000000
1.233333 1.000000
1.237500 1.000000
1.241667 1.000000
1.245833 1.000000
1.250000 1.000000
1.254167 1.000000
1.258333 1.000000
1.262500 1.000000
1.266667 1.000000
1.270833 1.000000
1.275000 1.000000
1.279167 1.000000
1.283333 1.000000
1.287500 1.000000
1.291667 1.000000
1.295833 1.000000
1.300000 1.000000
1.304167 1.000000
1.308333 1.000000
1.312500 1.000000
1.316667 1.000000
1.320833 1.000000
1.325000 1.000000
1.329167 1.000000
1.333333 1.000000
1.337500 1.000000
1.341667 1.000000
1.345833 1.000000
1.350000 1.000000
1.354167 1.000000
1.358333 1.000000
1.362500 1.000000
1.366667 1.000000
1.370833 1.000000
1.375000 1.000000
1.379167 1.000000
1.383333 1.000000
1.387500 1.000000
1.391667 1.000000
1.395833 1.000000
1.400000 1.000000
1.404167 1.000000
1.408333 1.000000
1.412500 1.000000
1.416667 1.000000
1.420833 1.000000
1.425000 1.000000
1.429167 1.000000
1.433333 1.000000
1.437500 1.000000
1.441667 1.000000
1.445833 1.000000
1.450000 1.000000
1.454167 1.000000
1.458333 1.000000
1.462500 1.000000
1.466667 1.000000
1.470833 1.000000
1.475000 1.000000
1.479167 1.000000
1.483333 1.000000
1.487500 1.000000
1.491667 1.000000
1.495833 1.000000
1.500000 1.000000
1.504167 1.000000
1.508333 1.000000
1.512500 1.000000
1.516667 1.000000
1.520833 1.000000
1.525000 1.000000
1.529167 1.000000
1.533333 1.000000
1.537500 1.000000
1.541667 1.000000
1.545833 1.000000
1.550000 1.000000
1.554167 1.000000
1.558333 1.000000
1.562500 1.000000
1.566667 1.000000
1.570833 1.000000
1.575000 1.000000
1.579167 1.000000
1.583333 1.000000
1.587500 1.000000
1.591667 1.000000
1.595833 1.000000
1.600000 1.000000
1.604167 1.000000
1.608333 1.000000
1.612500 1.000000
1.616667 1.000000
1.620833 1.000000
1.625000 1.000000
1.629167 1.000000
1.633333 1.000000
1.637500 1.000000
1.641667 1.000000
1.645833 1.000000
1.650000 1.000000
1.654167 1.000000
1.658333 1.000000
1.662500 1.000000
1.666667 1.000000
1.670833 1.000000
1.675000 1.000000
1.679167 1.000000
1.683333 1.000000
1.687500 1.000000
1.691667 1.000000
1.695833 1.000000
1.700000 1.000000
1.704167 1.000000
1.708333 1.000000
1.712500 1.000000
1.716667 1.000000
1.720833 1.000000
1.725000 1.000000
1.729167 1.000000
1.733333 1.000000
1.737500 1.000000
1.741667 1.000000
1.745833 1.000000
1.750000 1.000000
1.754167 1.000000
1.758333 1.000000
1.762500 1.000000
1.766667 1.000000
1.770833 1.000000
1.775000 1.000000
1.779167 1.000000
1.783333 1.000000
1.787500 1.000000
1.791667 1.000000
1.795833 1.000000
1.800000 1.000000
1.804167 1.000000
1.808333 1.000000
1.812500 1.000000
1.816667 1.000000
1.820833 1.000000
1.825000 1.000000
1.829167 1.000000
1.833333 1.000000
1.837500 1.000000
1.841667 1.000000
1.845833 1.000000
1.850000 1.000000
1.854167 1.000000
1.858333 1.000000
1.862500 1.000000
1.866667 1.000000
1.870833 1.000000
1.875000 1.000000
1.879167 1.000000
1.883333 1.000000
1.887500 1.000000
1.891667 1.000000
1.895833 1.000000
1.900000 1.000000
1.904167 1.000000
1.908333 1.000000
1.912500 1.000000
1.916667 1.000000
1.920833 1.000000
1.925000 1.000000
1.929167 1.000000
1.933333 1.000000
1.937500 1.000000
1.941667 1.000000
1.945833 1.000000
1.950000 1.000000
1.954167 1.000000
1.958333 1.000000
1.962500 1.000000
1.966667 1.000000
1.970833 1.000000
1.975000 1.000000
1.979167 1.000000
1.983333 1.000000
1.987500 1.000000
1.991667 1.000000
1.995833 1.000000
2.000000 1.000000
2.004167 1.000000
2.008333 1.000000
2.012500 1.000000
2.016667 1.000000
2.020833 1.000000
2.025000 1.000000
2.029167 1.000000
2.033333 1.000000
2.037500 1.000000
2.041667 1.000000
2.045833 1.000000
2.050000 1.000000
2.054167 1.000000
2.058333 1.000000
2.062500 1.000000
2.066667 1.000000
2.070833 1.000000
2.075000 1.000000
2.079167 1.000000
2.083333 1.000000
2.087500 1.000000
2.091667 1.000000
2.095833 1.000000
2.100000 1.000000
2.104167 1.000000
2.108333 1.000000
2.112500 1.000000
2.116667 1.000000
2.120833 1.000000
2.125000 1.000000
2.129167 1.000000
2.133333 1.000000
2.137500 1.000000
2.141667 1.000000
2.145833 1.000000
2.150000 1.000000
2.154167 1.000000
2.158333 1.000000
2.162500 1.000000
2.166667 1.000000
2.170833 1.000000
2.175000 1.000000
2.179167 1.000000
2.183333 1.000000
2.187500 1.000000
2.191667 1.000000
2.195833 1.000000
2.200000 1.000000
2.204167 1.000000
2.208333 1.000000
2.212500 1.000000
2.216667 1.000000
2.220833 1.000000
2.225000 1.000000
2.229167 1.000000
2.233333 1.000000
2.237500 1.000000
2.241667 1.000000
2.245833 1.000000
2.250000 1.000000
2.254167 1.000000
2.258333 1.000000
2.262500 1.000000
2.266667 1.000000
2.270833 1.000000
2.275000 1.000000
2.279167 1.000000
2.283333 1.000000
2.287500 1.000000
2.291667 1.000000
2.295833 1.000000
2.300000 1.000000
2.304167 1.000000
2.308333 1.000000
2.312500 1.000000
2.316667 1.000000
2.320833 1.000000
2.325000 1.000000
2.329167 1.000000
2.333333 1.000000
2.337500 1.000000
2.341667 1.000000
2.345833 1.000000
2.350000 1.000000
2.354167 1.000000
2.358333 1.000000
2.362500 1.000000
2.366667 1.000000
2.370833 1.000000
2.375000 1.000000
2.379167 1.000000
2.383333 1.000000
2.387500 1.000000
2.391667 1.000000
2.395833 1.000000
2.400000 1.000000
2.404167 1.000000
2.408333 1.000000
2.412500 1.000000
2.416667 1.000000
2.420833 1.000000
2.425000 1.000000
2.429167 1.000000
2.433333 1.000000
2.437500 1.000000
2.441667 1.000000
2.445833 1.000000
2.450000 1.000000
2.454167 1.000000
2.458333 1.000000
2.462500 1.000000
2.466667 1.000000
2.470833 1.000000
2.475000 1.000000
2.479167 1.000000
2.483333 1.000000
2.487500 1.000000
2.491667 1.000000
2.495833 1.000000
2.500000 1.000000
2.504167 1.000000
2.508333 1.000000
2.512500 1.000000
2.516667 1.000000
2.520833 1.000000
2.525000 1.000000
2.529167 1.000000
2.533333 1.000000
2.537500 1.000000
2.541667 1.000000
2.545833 1.000000
2.550000 1.000000
2.554167 1.000000
2.558333 1.000000
2.562500 1.000000
2.566667 1.000000
2.570833 1.000000
2.575000 1.000000
2.579167 1.000000
2.583333 1.000000
2.587500 1.000000
2.591667 1.000000
2.595833 1.000000
2.600000 1.000000
2.604167 1.000000
2.608333 1.000000
2.612500 1.000000
2.616667 1.000000
2.620833 1.000000
2.625000 1.000000
2.629167 1.000000
2.633333 1.000000
2.637500 1.000000
2.641667 1.000000
2.645833 1.000000
2.650000 1.000000
2.654167 1.000000
2.658333 1.000000
2.662500 1.000000
2.666667 1.000000
2.670833 1.000000
2.675000 1.000000
2.679167 1.000000
2.683333 1.000000
2.687500 1.000000
2.691667 1.000000
2.695833 1.000000
2.700000 1.000000
2.704167 1.000000
2.708333 1.000000
2.712500 1.000000
2.716667 1.000000
2.720833 1.000000
2.725000 1.000000
2.729167 1.000000
2.733333 1.000000
2.737500 1.000000
2.741667 1.000000
2.745833 1.000000
2.750000 1.000000
2.754167 1.000000
2.758333 1.000000
2.762500 1.000000
2.766667 1.000000
2.770833 1.000000
2.775000 1.000000
2.779167 1.000000
2.783333 1.000000
2.787500 1.000000
2.791667 1.000000
2.795833 1.000000
2.800000 1.000000
2.804167 1.000000
2.808333 1.000000
2.812500 1.000000
2.816667 1.000000
2.820833 1.000000
2.825000 1.000000
2.829167 1.000000
2.833333 1.000000
2.837500 1.000000
2.841667 1.000000
2.845833 1.000000
2.850000 1.000000
2.854167 1.000000
2.858333 1.000000
2.862500 1.000000
2.866667 1.000000
2.870833 1.000000
2.875000 1.000000
2.879167 1.000000
2.883333 1.000000
2.887500 1.000000
2.891667 1.000000
2.895833 1.000000
2.900000 1.000000
2.904167 1.000000
2.908333 1.000000
2.912500 1.000000
2.916667 1.000000
2.920833 1.000000
2.925000 1.000000
2.929167 1.000000
2.933333 1.000000
2.937500 1.000000
2.941667 1.000000
2.945833 1.000000
2.950000 1.000000
2.954167 1.000000
2.958333 1.000000
2.962500 1.000000
2.966667 1.000000
2.970833 1.000000
2.975000 1.000000
2.979167 1.000000
2.983333 1.000000
2.987500 1.000000
2.991667 1.000000
2.995833 1.000000
3.000000 1.000000
3.004167 1.000000
3.008333 1.000000
3.012500 1.000000
3.016667 1.000000
3.020833 1.000000
3.025000 1.000000
3.029167 1.000000
3.033333 1.000000
3.037500 1.000000
3.041667 1.000000
3.045833 1.000000
3.050000 1.000000
3.054167 1.000000
3.058333 1.000000
3.062500 1.000000
3.066667 1.000000
3.070833 1.000000
3.075000 1.000000
3.079167 1.000000
3.083333 1.000000
3.087500 1.000000
3.091667 1.000000
3.095833 1.000000
3.100000 1.000000
3.104167 1.000000
3.108333 1.000000
3.112500 1.000000
3.116667 1.000000
3.120833 1.000000
3.125000 1.000000
3.129167 1.000000
3.133333 1.000000
3.137500 1.000000
3.141667 1.000000
3.145833 1.000000
3.150000 1.000000
3.154167 1.000000
3.158333 1.000000
3.162500 1.000000
3.166667 1.000000
3.170833 1.000000
3.175000 1.000000
3.179167 1.000000
3.183333 1.000000
3.187500 1.000000
3.191667 1.000000
3.195833 1.000000
3.200000 1.000000
3.204167 1.000000
3.208333 1.000000
3.212500 1.000000
3.216667 1.000000
3.220833 1.000000
3.225000 1.000000
3.229167 1.000000
3.233333 1.000000
3.237500 1.000000
3.241667 1.000000
3.245833 1.000000
3.250000 1.000000
3.254167 1.000000
3.258333 1.000000
3.262500 1.000000
3.266667 1.000000
3.270833 1.000000
3.275000 1.000000
3.279167 1.000000
3.283333 1.000000
3.287500 1.000000
3.291667 1.000000
3.295833 1.000000
3.300000 1.000000
3.304167 1.000000
3.308333 1.000000
3.312500 1.000000
3.316667 1.000000
3.320833 1.000000
3.325000 1.000000
3.329167 1.000000
3.333333 1.000000
3.337500 1.000000
3.341667 1.000000
3.345833 1.000000
3.350000 1.000000
3.354167 1.000000
3.358333 1.000000
3.362500 1.000000
3.366667 1.000000
3.370833 1.000000
3.375000 1.000000
3.379167 1.000000
3.383333 1.000000
3.387500 1.000000
3.391667 1.000000
3.395833 1.000000
3.400000 1.000000
3.404167 1.000000
3.408333 1.000000
3.412500 1.000000
3.416667 1.000000
3.420833 1.000000
3.425000 1.000000
3.429167 1.000000
3.433333 1.000000
3.437500 1.000000
3.441667 1.000000
3.445833 1.000000
3.450000 1.000000
3.454167 1.000000
3.458333 1.000000
3.462500 1.000000
3.466667 1.000000
3.470833 1.000000
3.475000 1.000000
3.479167 1.000000
3.483333 1.000000
3.487500 1.000000
3.491667 1.000000
3.495833 1.000000
3.500000 1.000000
3.504167 1.000000
3.508333 1.000000
3.512500 1.000000
3.516667 1.000000
3.520833 1.000000
3.525000 1.000000
3.529167 1.000000
3.533333 1.000000
3.537500 1.000000
3.541667 1.000000
3.545833 1.000000
3.550000 1.000000
3.554167 1.000000
3.558333 1.000000
3.562500 1.000000
3.566667 1.000000
3.570833 1.000000
3.575000 1.000000
3.579167 1.000000
3.583333 1.000000
3.587500 1.000000
3.591667 1.000000
3.595833 1.000000
3.600000 1.000000
3.604167 1.000000
3.608333 1.000000
3.612500 1.000000
3.616667 1.000000
3.620833 1.000000
3.625000 1.000000
3.629167 1.000000
3.633333 1.000000
3.637500 1.000000
3.641667 1.000000
3.645833 1.000000
3.650000 1.000000
3.654167 1.000000
3.658333 1.000000
3.662500 1.000000
3.666667 1.000000
3.670833 1.000000
3.675000 1.000000
3.679167 1.000000
3.683333 1.000000
3.687500 1.000000
3.691667 1.000000
3.695833 1.000000
3.700000 1.000000
3.704167 1.000000
3.708333 1.000000
3.712500 1.000000
3.716667 1.000000
3.720833 1.000000
3.725000 1.000000
3.729167 1.000000
3.733333 1.000000
3.737500 1.000000
3.741667 1.000000
3.745833 1.000000
3.750000 1.000000
3.754167 1.000000
3.758333 1.000000
3.762500 1.000000
3.766667 1.000000
3.770833 1.000000
3.775000 1.000000
3.779167 1.000000
3.783333 1.000000
3.787500 1.000000
3.791667 1.000000
3.795833 1.000000
3.800000 1.000000
3.804167 1.000000
3.808333 1.000000
3.812500 1.000000
3.816667 1.000000
3.820833 1.000000
3.825000 1.000000
3.829167 1.000000
3.833333 1.000000
3.837500 1.000000
3.841667 1.000000
3.845833 1.000000
3.850000 1.000000
3.854167 1.000000
3.858333 1.000000
3.862500 1.000000
3.866667 1.000000
3.870833 1.000000
3.875000 1.000000
3.879167 1.000000
3.883333 1.000000
3.887500 1.000000
3.891667 1.000000
3.895833 1.000000
3.900000 1.000000
3.904167 1.000000
3.908333 1.000000
3.912500 1.000000
3.916667 1.000000
3.920833 1.000000
3.925000 1.000000
3.929167 1.000000
3.933333 1.000000
3.937500 1.000000
3.941667 1.000000
3.945833 1.000000
3.950000 1.000000
3.954167 1.000000
3.958333 1.000000
3.962500 1.000000
3.966667 1.000000
3.970833 1.000000
3.975000 1.000000
3.979167 1.000000
3.983333 1.000000
3.987500 1.000000
3.991667 1.000000
3.995833 1.000000
4.000000 1.000000
4.004167 1.000000
4.008333 1.000000
4.012500 1.000000
4.016667 1.000000
4.020833 1.000000
4.025000 1.000000
4.029167 1.000000
4.033333 1.000000
4.037500 1.000000
4.041667 1.000000
4.045833 1.000000
4.050000 1.000000
4.054167 1.000000
4.058333 1.000000
4.062500 1.000000
4.066667 1.000000
4.070833 1.000000
4.075000 1.000000
4.079167 1.000000
4.083333 1.000000
4.087500 1.000000
4.091667 1.000000
4.095833 1.000000
4.100000 1.000000
4.104167 1.000000
4.108333 1.000000
4.112500 1.000000
4.116667 1.000000
4.120833 1.000000
4.125000 1.000000
4.129167 1.000000
4.133333 1.000000
4.137500 1.000000
4.141667 1.000000
4.145833 1.000000
4.150000 1.000000
4.154167 1.000000
4.158333 1.000000
4.162500 1.000000
4.166667 1.000000
4.170833 1.000000
4.175000 1.000000
4.179167 1.000000
4.183333 1.000000
4.187500 1.000000
4.191667 1.000000
4.195833 1.000000
4.200000 1.000000
4.204167 1.000000
4.208333 1.000000
4.212500 1.000000
4.216667 1.000000
4.220833 1.000000
4.225000 1.000000
4.229167 1.000000
4.233333 1.000000
4.237500 1.000000
4.241667 1.000000
4.245833 1.000000
4.250000 1.000000
4.254167 1.000000
4.258333 1.000000
4.262500 1.000000
4.266667 1.000000
4.270833 1.000000
4.275000 1.000000
4.279167 1.000000
4.283333 1.000000
4.287500 1.000000
4.291667 1.000000
4.295833 1.000000
4.300000 1.000000
4.304167 1.000000
4.308333 1.000000
4.312500 1.000000
4.316667 1.000000
4.320833 1.000000
4.325000 1.000000
4.329167 1.000000
4.333333 1.000000
4.337500 1.000000
4.341667 1.000000
4.345833 1.000000
4.350000 1.000000
4.354167 1.000000
4.358333 1.000000
4.362500 1.000000
4.366667 1.000000
4.370833 1.000000
4.375000 1.000000
4.379167 1.000000
4.383333 1.000000
4.387500 1.000000
4.391667 1.000000
4.395833 1.000000
4.400000 1.000000
4.404167 1.000000
4.408333 1.000000
4.412500 1.000000
4.416667 1.000000
4.420833 1.000000
4.425000 1.000000
4.429167 1.000000
4.433333 1.000000
4.437500 1.000000
4.441667 1.000000
4.445833 1.000000
4.450000 1.000000
4.454167 1.000000
4.458333 1.000000
4.462500 1.000000
4.466667 1.000000
4.470833 1.000000
4.475000 1.000000
4.479167 1.000000
4.483333 1.000000
4.487500 1.000000
4.491667 1.000000
4.495833 1.000000
4.500000 1.000000
4.504167 1.000000
4.508333 1.000000
4.512500 1.000000
4.516667 1.000000
4.520833 1.000000
4.525000 1.000000
4.529167 1.000000
4.533333 1.000000
4.537500 1.000000
4.541667 1.000000
4.545833 1.000000
4.550000 1.000000
4.554167 1.000000
4.558333 1.000000
4.562500 1.000000
4.566667 1.000000
4.570833 1.000000
4.575000 1.000000
4.579167 1.000000
4.583333 1.000000
4.587500 1.000000
4.591667 1.000000
4.595833 1.000000
4.600000 1.000000
4.604167 1.000000
4.608333 1.000000
4.612500 1.000000
4.616667 1.000000
4.620833 1.000000
4.625000 1.000000
4.629167 1.000000
4.633333 1.000000
4.637500 1.000000
4.641667 1.000000
4.645833 1.000000
4.650000 1.000000
4.654167 1.000000
4.658333 1.000000
4.662500 1.000000
4.666667 1.000000
4.670833 1.000000
4.675000 1.000000
4.679167 1.000000
4.683333 1.000000
4.687500 1.000000
4.691667 1.000000
4.695833 1.000000
4.700000 1.000000
4.704167 1.000000
4.708333 1.000000
4.712500 1.000000
4.716667 1.000000
4.720833 1.000000
4.725000 1.000000
4.729167 1.000000
4.733333 1.000000
4.737500 1.000000
4.741667 1.000000
4.745833 1.000000
4.750000 1.000000
4.754167 1.000000
4.758333 1.000000
4.762500 1.000000
4.766667 1.000000
4.770833 1.000000
4.775000 1.000000
4.779167 1.000000
4.783333 1.000000
4.787500 1.000000
4.791667 1.000000
4.795833 1.000000
4.800000 1.000000
4.804167 1.000000
4.808333 1.000000
4.812500 1.000000
4.816667 1.000000
4.820833 1.000000
4.825000 1.000000
4.829167 1.000000
4.833333 1.000000
4.837500 1.000000
4.841667 1.000000
4.845833 1.000000
4.850000 1.000000
4.854167 1.000000
4.858333 1.000000
4.862500 1.000000
4.866667 1.000000
4.870833 1.000000
4.875000 1.000000
4.879167 1.000000
4.883333 1.000000
4.887500 1.000000
4.891667 1.000000
4.895833 1.000000
4.900000 1.000000
4.904167 1.000000
4.908333 1.000000
4.912500 1.000000
4.916667 1.000000
4.920833 1.000000
4.925000 1.000000
4.929167 1.000000
4.933333 1.000000
4.937500 1.000000
4.941667 1.000000
4.945833 1.000000
4.950000 1.000000
4.954167 1.000000
4.958333 1.000000
4.962500 1.000000
4.966667 1.000000
4.970833 1.000000
4.975000 1.000000
4.979167 1.000000
4.983333 1.000000
4.987500 1.000000
4.991667 1.000000
4.995833 1.000000
5.000000 1.000000
5.004167 1.000000
5.008333 1.000000
5.012500 1.000000
5.016667 1.000000
5.020833 1.000000
5.025000 1.000000
5.029167 1.000000
5.033333 1.000000
5.037500 1.000000
5.041667 1.000000
5.045833 1.000000
5.050000 1.000000
5.054167 1.000000
5.058333 1.000000
5.062500 1.000000
5.066667 1.000000
5.070833 1.000000
5.075000 1.000000
5.079167 1.000000
5.083333 1.000000
5.087500 1.000000
5.091667 1.000000
5.095833 1.000000
5.100000 1.000000
5.104167 1.000000
5.108333 1.000000
5.112500 1.000000
5.116667 1.000000
5.120833 1.000000
5.125000 1.000000
5.129167 1.000000
5.133333 1.000000
5.137500 1.000000
5.141667 1.000000
5.145833 1.000000
5.150000 1.000000
5.154167 1.000000
5.158333 1.000000
5.162500 1.000000
5.166667 1.000000
5.170833 1.000000
5.175000 1.000000
5.179167 1.000000
5.183333 1.000000
5.187500 1.000000
5.191667 1.000000
5.195833 1.000000
5.200000 1.000000
5.204167 1.000000
5.208333 1.000000
5.212500 1.000000
5.216667 1.000000
5.220833 1.000000
5.225000 1.000000
5.229167 1.000000
5.233333 1.000000
5.237500 1.000000
5.241667 1.000000
5.245833 1.000000
5.250000 1.000000
5.254167 1.000000
5.258333 1.000000
5.262500 1.000000
5.266667 1.000000
5.270833 1.000000
5.275000 1.000000
5.279167 1.000000
5.283333 1.000000
5.287500 1.000000
5.291667 1.000000
5.295833 1.000000
5.300000 1.000000
5.304167 1.000000
5.308333 1.000000
5.312500 1.000000
5.316667 1.000000
5.320833 1.000000
5.325000 1.000000
5.329167 1.000000
5.333333 1.000000
5.337500 1.000000
5.341667 1.000000
5.345833 1.000000
5.350000 1.000000
5.354167 1.000000
5.358333 1.000000
5.362500 1.000000
5.366667 1.000000
5.370833 1.000000
5.375000 1.000000
5.379167 1.000000
5.383333 1.000000
5.387500 1.000000
5.391667 1.000000
5.395833 1.000000
5.400000 1.000000
5.404167 1.000000
5.408333 1.000000
5.412500 1.000000
5.416667 1.000000
5.420833 1.000000
5.425000 1.000000
5.429167 1.000000
5.433333 1.000000
5.437500 1.000000
5.441667 1.000000
5.445833 1.000000
5.450000 1.000000
5.454167 1.000000
5.458333 1.000000
5.462500 1.000000
5.466667 1.000000
5.470833 1.000000
5.475000 1.000000
5.479167 1.000000
5.483333 1.000000
5.487500 1.000000
5.491667 1.000000
5.495833 1.000000
5.500000 1.000000
5.504167 1.000000
5.508333 1.000000
5.512500 1.000000
5.516667 1.000000
5.520833 1.000000
5.525000 1.000000
5.529167 1.000000
5.533333 1.000000
5.537500 1.000000
5.541667 1.000000
5.545833 1.000000
5.550000 1.000000
5.554167 1.000000
5.558333 1.000000
5.562500 1.000000
5.566667 1.000000
5.570833 1.000000
5.575000 1.000000
5.579167 1.000000
5.583333 1.000000
5.587500 1.000000
5.591667 1.000000
5.595833 1.000000
5.600000 1.000000
5.604167 1.000000
5.608333 1.000000
5.612500 1.000000
5.616667 1.000000
5.620833 1.000000
5.625000 1.000000
5.629167 1.000000
5.633333 1.000000
5.637500 1.000000
5.641667 1.000000
5.645833 1.000000
5.650000 1.000000
5.654167 1.000000
5.658333 1.000000
5.662500 1.000000
5.666667 1.000000
5.670833 1.000000
5.675000 1.000000
5.679167 1.000000
5.683333 1.000000
5.687500 1.000000
5.691667 1.000000
5.695833 1.000000
5.700000 1.000000
5.704167 1.000000
5.708333 1.000000
5.712500 1.000000
5.716667 1.000000
5.720833 1.000000
5.725000 1.000000
5.729167 1.000000
5.733333 1.000000
5.737500 1.000000
5.741667 1.000000
5.745833 1.000000
5.750000 1.000000
5.754167 1.000000
5.758333 1.000000
5.762500 1.000000
5.766667 1.000000
5.770833 1.000000
5.775000 1.000000
5.779167 1.000000
5.783333 1.000000
5.787500 1.000000
5.791667 1.000000
5.795833 1.000000
5.800000 1.000000
5.804167 1.000000
5.808333 1.000000
5.812500 1.000000
5.816667 1.000000
5.820833 1.000000
5.825000 1.000000
5.829167 1.000000
5.833333 1.000000
5.837500 1.000000
5.841667 1.000000
5.845833 1.000000
5.850000 1.000000
5.854167 1.000000
5.858333 1.000000
5.862500 1.000000
5.866667 1.000000
5.870833 1.000000
5.875000 1.000000
5.879167 1.000000
5.883333 1.000000
5.887500 1.000000
5.891667 1.000000
5.895833 1.000000
5.900000 1.000000
5.904167 1.000000
5.908333 1.000000
5.912500 1.000000
5.916667 1.000000
5.920833 1.000000
5.925000 1.000000
5.929167 1.000000
5.933333 1.000000
5.937500 1.000000
5.941667 1.000000
5.945833 1.000000
5.950000 1.000000
5.954167 1.000000
5.958333 1.000000
5.962500 1.000000
5.966667 1.000000
5.970833 1.000000
5.975000 1.000000
5.979167 1.000000
5.983333 1.000000
5.987500 1.000000
5.991667 1.000000
5.995833 1.000000
6.000000 1.000000
6.004167 1.000000
6.008333 1.000000
6.012500 1.000000
6.016667 1.000000
6.020833 1.000000
6.025000 1.000000
6.029167 1.000000
6.033333 1.000000
6.037500 1.000000
6.041667 1.000000
6.045833 1.000000
6.050000 1.000000
6.054167 1.000000
6.058333 1.000000
6.062500 1.000000
6.066667 1.000000
6.070833 1.000000
6.075000 1.000000
6.079167 1.000000
6.083333 1.000000
6.087500 1.000000
6.091667 1.000000
6.095833 1.000000
6.100000 1.000000
6.104167 1.000000
6.108333 1.000000
6.112500 1.000000
6.116667 1.000000
6.120833 1.000000
6.125000 1.000000
6.129167 1.000000
6.133333 1.000000
6.137500 1.000000
6.141667 1.000000
6.145833 1.000000
6.150000 1.000000
6.154167 1.000000
6.158333 1.000000
6.162500 1.000000
6.166667 1.000000
6.170833 1.000000
6.175000 1.000000
6.179167 1.000000
6.183333 1.000000
6.187500 1.000000
6.191667 1.000000
6.195833 1.000000
6.200000 1.000000
6.204167 1.000000
6.208333 1.000000
6.212500 1.000000
6.216667 1.000000
6.220833 1.000000
6.225000 1.000000
6.229167 1.000000
6.233333 1.000000
6.237500 1.000000
6.241667 1.000000
6.245833 1.000000
6.250000 1.000000
6.254167 1.000000
6.258333 1.000000
6.262500 1.000000
6.266667 1.000000
6.270833 1.000000
6.275000 1.000000
6.279167 1.000000
6.283333 1.000000
6.287500 1.000000
6.291667 1.000000
6.295833 1.000000
6.300000 1.000000
6.304167 1.000000
6.308333 1.000000
6.312500 1.000000
6.316667 1.000000
6.320833 1.000000
6.325000 1.000000
6.329167 1.000000
6.333333 1.000000
6.337500 1.000000
6.341667 1.000000
6.345833 1.000000
6.350000 1.000000
6.354167 1.000000
6.358333 1.000000
6.362500 1.000000
6.366667 1.000000
6.370833 1.000000
6.375000 1.000000
6.379167 1.000000
6.383333 1.000000
6.387500 1.000000
6.391667 1.000000
6.395833 1.000000
6.400000 1.000000
6.404167 1.000000
6.408333 1.000000
6.412500 1.000000
6.416667 1.000000
6.420833 1.000000
6.425000 1.000000
6.429167 1.000000
6.433333 1.000000
6.437500 1.000000
6.441667 1.000000
6.445833 1.000000
6.450000 1.000000
6.454167 1.000000
6.458333 1.000000
6.462500 1.000000
6.466667 1.000000
6.470833 1.000000
6.475000 1.000000
6.479167 1.000000
6.483333 1.000000
6.487500 1.000000
6.491667 1.000000
6.495833 1.000000
6.500000 1.000000
6.504167 1.000000
6.508333 1.000000
6.512500 1.000000
6.516667 1.000000
6.520833 1.000000
6.525000 1.000000
6.529167 1.000000
6.533333 1.000000
6.537500 1.000000
6.541667 1.000000
6.545833 1.000000
6.550000 1.000000
6.554167 1.000000
6.558333 1.000000
6.562500 1.000000
6.566667 1.000000
6.570833 1.000000
6.575000 1.000000
6.579167 1.000000
6.583333 1.000000
6.587500 1.000000
6.591667 1.000000
6.595833 1.000000
6.600000 1.000000
6.604167 1.000000
6.608333 1.000000
6.612500 1.000000
6.616667 1.000000
6.620833 1.000000
6.625000 1.000000
6.629167 1.000000
6.633333 1.000000
6.637500 1.000000
6.641667 1.000000
6.645833 1.000000
6.650000 1.000000
6.654167 1.000000
6.658333 1.000000
6.662500 1.000000
6.666667 1.000000
6.670833 1.000000
6.675000 1.000000
6.679167 1.000000
6.683333 1.000000
6.687500 1.000000
6.691667 1.000000
6.695833 1.000000
6.700000 1.000000
6.704167 1.000000
6.708333 1.000000
6.712500 1.000000
6.716667 1.000000
6.720833 1.000000
6.725000 1.000000
6.729167 1.000000
6.733333 1.000000
6.737500 1.000000
6.741667 1.000000
6.745833 1.000000
6.750000 1.000000
6.754167 1.000000
6.758333 1.000000
6.762500 1.000000
6.766667 1.000000
6.770833 1.000000
6.775000 1.000000
6.779167 1.000000
6.783333 1.000000
6.787500 1.000000
6.791667 1.000000
6.795833 1.000000
6.800000 1.000000
6.804167 1.000000
6.808333 1.000000
6.812500 1.000000
6.816667 1.000000
6.820833 1.000000
6.825000 1.000000
6.829167 1.000000
6.833333 1.000000
6.837500 1.000000
6.841667 1.000000
6.845833 1.000000
6.850000 1.000000
6.854167 1.000000
6.858333 1.000000
6.862500 1.000000
6.866667 1.000000
6.870833 1.000000
6.875000 1.000000
6.879167 1.000000
6.883333 1.000000
6.887500 1.000000
6.891667 1.000000
6.895833 1.000000
6.900000 1.000000
6.904167 1.000000
6.908333 1.000000
6.912500 1.000000
6.916667 1.000000
6.920833 1.000000
6.925000 1.000000
6.929167 1.000000
6.933333 1.000000
6.937500 1.000000
6.941667 1.000000
6.945833 1.000000
6.950000 1.000000
6.954167 1.000000
6.958333 1.000000
6.962500 1.000000
6.966667 1.000000
6.970833 1.000000
6.975000 1.000000
6.979167 1.000000
6.983333 1.000000
6.987500 1.000000
6.991667 1.000000
6.995833 1.000000
7.000000 1.000000
7.004167 1.000000
7.008333 1.000000
7.012500 1.000000
7.016667 1.000000
7.020833 1.000000
7.025000 1.000000
7.029167 1.000000
7.033333 1.000000
7.037500 1.000000
7.041667 1.000000
7.045833 1.000000
7.050000 1.000000
7.054167 1.000000
7.058333 1.000000
7.062500 1.000000
7.066667 1.000000
7.070833 1.000000
7.075000 1.000000
7.079167 1.000000
7.083333 1.000000
7.087500 1.000000
7.091667 1.000000
7.095833 1.000000
7.100000 1.000000
7.104167 1.000000
7.108333 1.000000
7.112500 1.000000
7.116667 1.000000
7.120833 1.000000
7.125000 12.452782
7.129167 131.793509
7.133333 392.457622
7.137500 511.798349
7.141667 523.251131
7.145833 523.251131
7.150000 523.251131
7.154167 523.251131
7.158333 523.251131
7.162500 523.251131
7.166667 523.251131
7.170833 523.251131
7.175000 523.251131
7.179167 523.251131
7.183333 523.251131
7.187500 523.251131
7.191667 523.251131
7.195833 523.251131
7.200000 523.251131
7.204167 523.251131
7.208333 523.251131
7.212500 523.251131
7.216667 523.251131
7.220833 523.251131
7.225000 523.251131
7.229167 523.251131
7.233333 523.251131
7.237500 523.251131
7.241667 523.251131
7.245833 523.251131
7.250000 523.251131
7.254167 523.251131
7.258333 523.251131
7.262500 523.251131
7.266667 523.251131
7.270833 523.251131
7.275000 523.251131
7.279167 523.251131
7.283333 523.251131
7.287500 526.233650
7.291667 557.312212
7.295833 625.194033
7.300000 656.272595
7.304167 659.255114
7.308333 659.255114
7.312500 659.255114
7.316667 659.255114
7.320833 659.255114
7.325000 659.255114
7.329167 659.255114
7.333333 659.255114
7.337500 659.255114
7.341667 659.255114
7.345833 659.255114
7.350000 659.255114
7.354167 659.255114
7.358333 659.255114
7.362500 659.255114
7.366667 659.255114
7.370833 659.255114
7.375000 659.255114
7.379167 659.255114
7.383333 659.255114
7.387500 659.255114
7.391667 659.255114
7.395833 659.255114
7.400000 659.255114
7.404167 659.255114
7.408333 659.255114
7.412500 659.255114
7.416667 659.255114
7.420833 659.255114
7.425000 659.255114
7.429167 659.255114
7.433333 659.255114
7.437500 659.255114
7.441667 661.990525
7.445833 690.494161
7.450000 752.751825
7.454167 781.255461
7.458333 783.990872
7.462500 783.990872
7.466667 783.990872
7.470833 783.990872
7.475000 783.990872
7.479167 783.990872
7.483333 783.990872
7.487500 783.990872
7.491667 783.990872
7.495833 783.990872
7.500000 783.990872
7.504167 783.990872
7.508333 783.990872
7.512500 783.990872
7.516667 783.990872
7.520833 783.990872
7.525000 783.990872
7.529167 783.990872
7.533333 783.990872
7.537500 783.990872
7.541667 783.990872
7.545833 783.990872
7.550000 783.990872
7.554167 783.990872
7.558333 783.990872
7.562500 783.990872
7.566667 783.990872
7.570833 783.990872
7.575000 783.990872
7.579167 783.990872
7.583333 782.115133
7.587500 762.569481
7.591667 719.877854
7.595833 700.332202
7.600000 698.456463
7.604167 698.456463
7.608333 698.456463
7.612500 698.456463
7.616667 698.456463
7.620833 698.456463
7.625000 698.456463
7.629167 698.456463
7.633333 698.456463
7.637500 698.456463
7.641667 698.456463
7.645833 698.456463
7.650000 698.456463
7.654167 698.456463
7.658333 698.456463
7.662500 698.456463
7.666667 698.456463
7.670833 698.456463
7.675000 698.456463
7.679167 698.456463
7.683333 698.456463
7.687500 698.456463
7.691667 698.456463
7.695833 698.456463
7.700000 698.456463
7.704167 698.456463
7.708333 698.456463
7.712500 698.456463
7.716667 698.456463
7.720833 698.456463
7.725000 698.456463
7.729167 698.456463
7.733333 698.456463
7.737500 697.596791
7.741667 688.638807
7.745833 669.072770
7.750000 660.114785
7.754167 659.255114
7.758333 659.255114
7.762500 659.255114
7.766667 659.255114
7.770833 659.255114
7.775000 659.255114
7.779167 659.255114
7.783333 659.255114
7.787500 659.255114
7.791667 659.255114
7.795833 659.255114
7.800000 659.255114
7.804167 659.255114
7.808333 659.255114
7.812500 659.255114
7.816667 659.255114
7.820833 659.255114
7.825000 659.255114
7.829167 659.255114
7.833333 659.255114
7.837500 659.255114
7.841667 659.255114
7.845833 659.255114
7.850000 659.255114
7.854167 659.255114
7.858333 659.255114
7.862500 659.255114
7.866667 659.255114
7.870833 659.255114
7.875000 659.255114
7.879167 660.114785
7.883333 669.072770
7.887500 688.638807
7.891667 697.596791
7.895833 698.456463
7.900000 698.456463
7.904167 698.456463
7.908333 698.456463
7.912500 698.456463
7.916667 698.456463
7.920833 698.456463
7.925000 698.456463
7.929167 698.456463
7.933333 698.456463
7.937500 698.456463
7.941667 698.456463
7.945833 698.456463
7.950000 698.456463
7.954167 698.456463
7.958333 698.456463
7.962500 698.456463
7.966667 698.456463
7.970833 698.456463
7.975000 698.456463
7.979167 698.456463
7.983333 698.456463
7.987500 698.456463
7.991667 698.456463
7.995833 698.456463
8.000000 698.456463
8.004167 698.456463
8.008333 698.456463
8.012500 698.456463
8.016667 698.456463
8.020833 698.456463
8.025000 696.019489
8.029167 670.625636
8.033333 615.160363
8.037500 589.766510
8.041667 587.329536
8.045833 587.329536
8.050000 587.329536
8.054167 587.329536
8.058333 587.329536
8.062500 587.329536
8.066667 587.329536
8.070833 587.329536
8.075000 587.329536
8.079167 587.329536
8.083333 587.329536
8.087500 587.329536
8.091667 587.329536
8.095833 587.329536
8.100000 587.329536
8.104167 587.329536
8.108333 587.329536
8.112500 587.329536
8.116667 587.329536
8.120833 587.329536
8.125000 587.329536
8.129167 587.329536
8.133333 587.329536
8.137500 587.329536
8.141667 587.329536
8.145833 587.329536
8.150000 587.329536
8.154167 587.329536
8.158333 587.329536
8.162500 587.329536
8.166667 587.329536
8.170833 587.329536
8.175000 587.329536
8.179167 588.906838
8.183333 605.342706
8.187500 641.241943
8.191667 657.677811
8.195833 659.255114
8.200000 659.255114
8.204167 659.255114
8.208333 659.255114
8.212500 659.255114
8.216667 659.255114
8.220833 659.255114
8.225000 659.255114
8.229167 659.255114
8.233333 659.255114
8.237500 659.255114
8.241667 659.255114
8.245833 659.255114
8.250000 659.255114
8.254167 659.255114
8.258333 659.255114
8.262500 659.255114
8.266667 659.255114
8.270833 659.255114
8.275000 659.255114
8.279167 659.255114
8.283333 659.255114
8.287500 659.255114
8.291667 659.255114
8.295833 659.255114
8.300000 659.255114
8.304167 659.255114
8.308333 659.255114
8.312500 659.255114
8.316667 659.255114
8.320833 656.272595
8.325000 625.194033
8.329167 557.312212
8.333333 526.233650
8.337500 523.251131
8.341667 523.251131
8.345833 523.251131
8.350000 523.251131
8.354167 523.251131
8.358333 523.251131
8.362500 523.251131
8.366667 523.251131
8.370833 523.251131
8.375000 523.251131
8.379167 523.251131
8.383333 523.251131
8.387500 523.251131
8.391667 523.251131
8.395833 523.251131
8.400000 523.251131
8.404167 523.251131
8.408333 523.251131
8.412500 523.251131
8.416667 523.251131
8.420833 523.251131
8.425000 523.251131
8.429167 523.251131
8.433333 523.251131
8.437500 523.251131
8.441667 523.251131
8.445833 523.251131
8.450000 523.251131
8.454167 523.251131
8.458333 523.251131
8.462500 523.251131
8.466667 523.251131
8.470833 523.251131
8.475000 526.233650
8.479167 557.312212
8.483333 625.194033
8.487500 656.272595
8.491667 659.255114
8.495833 659.255114
8.500000 659.255114
8.504167 659.255114
8.508333 659.255114
8.512500 659.255114
8.516667 659.255114
8.520833 659.255114
8.525000 659.255114
8.529167 659.255114
8.533333 659.255114
8.537500 659.255114
8.541667 659.255114
8.545833 659.255114
8.550000 659.255114
8.554167 659.255114
8.558333 659.255114
8.562500 659.255114
8.566667 659.255114
8.570833 659.255114
8.575000 659.255114
8.579167 659.255114
8.583333 659.255114
8.587500 659.255114
8.591667 659.255114
8.595833 659.255114
8.600000 659.255114
8.604167 659.255114
8.608333 659.255114
8.612500 659.255114
8.616667 661.990525
8.620833 690.494161
8.625000 752.751825
8.629167 781.255461
8.633333 783.990872
8.637500 783.990872
8.641667 783.990872
8.645833 783.990872
8.650000 783.990872
8.654167 783.990872
8.658333 783.990872
8.662500 783.990872
8.666667 783.990872
8.670833 783.990872
8.675000 783.990872
8.679167 783.990872
8.683333 783.990872
8.687500 783.990872
8.691667 783.990872
8.695833 783.990872
8.700000 783.990872
8.704167 783.990872
8.708333 783.990872
8.712500 783.990872
8.716667 783.990872
8.720833 783.990872
8.725000 783.990872
8.729167 783.990872
8.733333 783.990872
8.737500 783.990872
8.741667 783.990872
8.745833 783.990872
8.750000 783.990872
8.754167 783.990872
8.758333 783.990872
8.762500 782.115133
8.766667 762.569481
8.770833 719.877854
8.775000 700.332202
8.779167 698.456463
8.783333 698.456463
8.787500 698.456463
8.791667 698.456463
8.795833 698.456463
8.800000 698.456463
8.804167 698.456463
8.808333 698.456463
8.812500 698.456463
8.816667 698.456463
8.820833 698.456463
8.825000 698.456463
8.829167 698.456463
8.833333 698.456463
8.837500 698.456463
8.841667 698.456463
8.845833 698.456463
8.850000 698.456463
8.854167 698.456463
8.858333 698.456463
8.862500 698.456463
8.866667 698.456463
8.870833 698.456463
8.875000 698.456463
8.879167 698.456463
8.883333 698.456463
8.887500 698.456463
8.891667 698.456463
8.895833 698.456463
8.900000 698.456463
8.904167 698.456463
8.908333 698.456463
8.912500 697.596791
8.916667 688.638807
8.920833 669.072770
8.925000 660.114785
8.929167 659.255114
8.933333 659.255114
8.937500 659.255114
8.941667 659.255114
8.945833 659.255114
8.950000 659.255114
8.954167 659.255114
8.958333 659.255114
8.962500 659.255114
8.966667 659.255114
8.970833 659.255114
8.975000 659.255114
8.979167 659.255114
8.983333 659.255114
8.987500 659.255114
8.991667 659.255114
8.995833 659.255114
9.000000 659.255114
9.004167 659.255114
9.008333 659.255114
9.012500 659.255114
9.016667 659.255114
9.020833 659.255114
9.025000 659.255114
9.029167 659.255114
9.033333 659.255114
9.037500 659.255114
9.041667 659.255114
9.045833 659.255114
9.050000 659.255114
9.054167 659.255114
9.058333 660.114785
9.062500 669.072770
9.066667 688.638807
9.070833 697.596791
9.075000 698.456463
9.079167 698.456463
9.083333 698.456463
9.087500 698.456463
9.091667 698.456463
9.095833 698.456463
9.100000 698.456463
9.104167 698.456463
9.108333 698.456463
9.112500 698.456463
9.116667 698.456463
9.120833 698.456463
9.125000 698.456463
9.129167 698.456463
9.133333 698.456463
9.137500 698.456463
9.141667 698.456463
9.145833 698.456463
9.150000 698.456463
9.154167 698.456463
9.158333 698.456463
9.162500 698.456463
9.166667 698.456463
9.170833 698.456463
9.175000 698.456463
9.179167 698.456463
9.183333 698.456463
9.187500 698.456463
9.191667 698.456463
9.195833 698.456463
9.200000 698.456463
9.204167 698.456463
9.208333 698.456463
9.212500 696.019489
9.216667 670.625636
9.220833 615.160363
9.225000 589.766510
9.229167 587.329536
9.233333 587.329536
9.237500 587.329536
9.241667 587.329536
9.245833 587.329536
9.250000 587.329536
9.254167 587.329536
9.258333 587.329536
9.262500 587.329536
9.266667 587.329536
9.270833 587.329536
9.275000 587.329536
9.279167 587.329536
9.283333 587.329536
9.287500 587.329536
9.291667 587.329536
9.295833 587.329536
9.300000 587.329536
9.304167 587.329536
9.308333 587.329536
9.312500 587.329536
9.316667 587.329536
9.320833 587.329536
9.325000 587.329536
9.329167 587.329536
9.333333 587.329536
9.337500 587.329536
9.341667 587.329536
9.345833 587.329536
9.350000 587.329536
9.354167 587.329536
9.358333 587.329536
9.362500 588.906838
9.366667 605.342706
9.370833 641.241943
9.375000 657.677811
9.379167 659.255114
9.383333 659.255114
9.387500 659.255114
9.391667 659.255114
9.395833 659.255114
9.400000 659.255114
9.404167 659.255114
9.408333 659.255114
9.412500 659.255114
9.416667 659.255114
9.420833 659.255114
9.425000 659.255114
9.429167 659.255114
9.433333 659.255114
9.437500 659.255114
9.441667 659.255114
9.445833 659.255114
9.450000 659.255114
9.454167 659.255114
9.458333 659.255114
9.462500 659.255114
9.466667 659.255114
9.470833 659.255114
9.475000 659.255114
9.479167 659.255114
9.483333 659.255114
9.487500 659.255114
9.491667 659.255114
9.495833 659.255114
9.500000 659.255114
9.504167 659.255114
9.508333 659.255114
9.512500 656.272595
9.516667 625.194033
9.520833 557.312212
9.525000 526.233650
9.529167 523.251131
9.533333 523.251131
9.537500 523.251131
9.541667 523.251131
9.545833 523.251131
9.550000 523.251131
9.554167 523.251131
9.558333 523.251131
9.562500 523.251131
9.566667 523.251131
9.570833 523.251131
9.575000 523.251131
9.579167 523.251131
9.583333 523.251131
9.587500 523.251131
9.591667 523.251131
9.595833 523.251131
9.600000 523.251131
9.604167 523.251131
9.608333 523.251131
9.612500 523.251131
9.616667 523.251131
9.620833 523.251131
9.625000 523.251131
9.629167 523.251131
9.633333 523.251131
9.637500 523.251131
9.641667 523.251131
9.645833 523.251131
9.650000 523.251131
9.654167 523.251131
9.658333 523.251131
9.662500 526.233650
9.666667 557.312212
9.670833 625.194033
9.675000 656.272595
9.679167 659.255114
9.683333 659.255114
9.687500 659.255114
9.691667 659.255114
9.695833 659.255114
9.700000 659.255114
9.704167 659.255114
9.708333 659.255114
9.712500 659.255114
9.716667 659.255114
9.720833 659.255114
9.725000 659.255114
9.729167 659.255114
9.733333 659.255114
9.737500 659.255114
9.741667 659.255114
9.745833 659.255114
9.750000 659.255114
9.754167 659.255114
9.758333 659.255114
9.762500 659.255114
9.766667 659.255114
9.770833 659.255114
9.775000 659.255114
9.779167 659.255114
9.783333 659.255114
9.787500 659.255114
9.791667 659.255114
9.795833 659.255114
9.800000 659.255114
9.804167 659.255114
9.808333 659.255114
9.812500 661.990525
9.816667 690.494161
9.820833 752.751825
9.825000 781.255461
9.829167 783.990872
9.833333 783.990872
9.837500 783.990872
9.841667 783.990872
9.845833 783.990872
9.850000 783.990872
9.854167 783.990872
9.858333 783.990872
9.862500 783.990872
9.866667 783.990872
9.870833 783.990872
9.875000 783.990872
9.879167 783.990872
9.883333 783.990872
9.887500 783.990872
9.891667 783.990872
9.895833 783.990872
9.900000 783.990872
9.904167 783.990872
9.908333 783.990872
9.912500 783.990872
9.916667 783.990872
9.920833 783.990872
9.925000 783.990872
9.929167 783.990872
9.933333 783.990872
9.937500 783.990872
9.941667 783.990872
9.945833 783.990872
9.950000 783.990872
9.954167 783.990872
9.958333 782.115133
9.962500 762.569481
9.966667 719.877854
9.970833 700.332202
9.975000 698.456463
9.979167 698.456463
9.983333 698.456463
9.987500 698.456463
9.991667 698.456463
9.995833 698.456463
10.000000 698.456463
10.004167 698.456463
10.008333 698.456463
10.012500 698.456463
10.016667 698.456463
10.020833 698.456463
10.025000 698.456463
10.029167 698.456463
10.033333 698.456463
10.037500 698.456463
10.041667 698.456463
10.045833 698.456463
10.050000 698.456463
10.054167 698.456463
10.058333 698.456463
10.062500 698.456463
10.066667 698.456463
10.070833 698.456463
10.075000 698.456463
10.079167 698.456463
10.083333 698.456463
10.087500 698.456463
10.091667 698.456463
10.095833 698.456463
10.100000 698.456463
10.104167 698.456463
10.108333 697.596791
10.112500 688.638807
10.116667 669.072770
10.120833 660.114785
10.125000 659.255114
10.129167 659.255114
10.133333 659.255114
10.137500 659.255114
10.141667 659.255114
10.145833 659.255114
10.150000 659.255114
10.154167 659.255114
10.158333 659.255114
10.162500 659.255114
10.166667 659.255114
10.170833 659.255114
10.175000 659.255114
10.179167 659.255114
10.183333 659.255114
10.187500 659.255114
10.191667 659.255114
10.195833 659.255114
10.200000 659.255114
10.204167 659.255114
10.208333 659.255114
10.212500 659.255114
10.216667 659.255114
10.220833 659.255114
10.225000 659.255114
10.229167 659.255114
10.233333 659.255114
10.237500 659.255114
10.241667 659.255114
10.245833 659.255114
10.250000 659.255114
10.254167 660.114785
10.258333 669.072770
10.262500 688.638807
10.266667 697.596791
10.270833 698.456463
10.275000 698.456463
10.279167 698.456463
10.283333 698.456463
10.287500 698.456463
10.291667 698.456463
10.295833 698.456463
10.300000 698.456463
10.304167 698.456463
10.308333 698.456463
10.312500 698.456463
10.316667 698.456463
10.320833 698.456463
10.325000 698.456463
10.329167 698.456463
10.333333 698.456463
10.337500 698.456463
10.341667 698.456463
10.345833 698.456463
10.350000 698.456463
10.354167 698.456463
10.358333 698.456463
10.362500 698.456463
10.366667 698.456463
10.370833 698.456463
10.375000 698.456463
10.379167 698.456463
10.383333 698.456463
10.387500 698.456463
10.391667 698.456463
10.395833 698.456463
10.400000 698.456463
10.404167 698.456463
10.408333 696.019489
10.412500 670.625636
10.416667 615.160363
10.420833 589.766510
10.425000 587.329536
10.429167 587.329536
10.433333 587.329536
10.437500 587.329536
10.441667 587.329536
10.445833 587.329536
10.450000 587.329536
10.454167 587.329536
10.458333 587.329536
10.462500 587.329536
10.466667 587.329536
10.470833 587.329536
10.475000 587.329536
10.479167 587.329536
10.483333 587.329536
10.487500 587.329536
10.491667 587.329536
10.495833 587.329536
10.500000 587.329536
10.504167 587.329536
10.508333 587.329536
10.512500 587.329536
10.516667 587.329536
10.520833 587.329536
10.525000 587.329536
10.529167 587.329536
10.533333 587.329536
10.537500 587.329536
10.541667 587.329536
10.545833 587.329536
10.550000 588.906838
10.554167 605.342706
10.558333 641.241943
10.562500 657.677811
10.566667 659.255114
10.570833 659.255114
10.575000 659.255114
10.579167 659.255114
10.583333 659.255114
10.587500 659.255114
10.591667 659.255114
10.595833 659.255114
10.600000 659.255114
10.604167 659.255114
10.608333 659.255114
10.612500 659.255114
10.616667 659.255114
10.620833 659.255114
10.625000 659.255114
10.629167 659.255114
10.633333 659.255114
10.637500 659.255114
10.641667 659.255114
10.645833 659.255114
10.650000 659.255114
10.654167 659.255114
10.658333 659.255114
10.662500 659.255114
10.666667 659.255114
10.670833 659.255114
10.675000 659.255114
10.679167 659.255114
10.683333 659.255114
10.687500 659.255114
10.691667 659.255114
10.695833 656.272595
10.700000 625.194033
10.704167 557.312212
10.708333 526.233650
10.712500 523.251131
10.716667 523.251131
10.720833 523.251131
10.725000 523.251131
10.729167 523.251131
10.733333 523.251131
10.737500 523.251131
10.741667 523.251131
10.745833 523.251131
10.750000 523.251131
10.754167 523.251131
10.758333 523.251131
10.762500 523.251131
10.766667 523.251131
10.770833 523.251131
10.775000 523.251131
10.779167 523.251131
10.783333 523.251131
10.787500 523.251131
10.791667 523.251131
10.795833 523.251131
10.800000 523.251131
10.804167 523.251131
10.808333 523.251131
10.812500 523.251131
10.816667 523.251131
10.820833 523.251131
10.825000 523.251131
10.829167 523.251131
10.833333 523.251131
10.837500 523.251131
10.841667 524.656347
10.845833 539.299041
10.850000 571.281625
10.854167 585.924319
10.858333 587.329536
10.862500 587.329536
10.866667 587.329536
10.870833 587.329536
10.875000 587.329536
10.879167 587.329536
10.883333 587.329536
10.887500 587.329536
10.891667 587.329536
10.895833 587.329536
10.900000 587.329536
10.904167 587.329536
10.908333 587.329536
10.912500 587.329536
10.916667 587.329536
10.920833 587.329536
10.925000 587.329536
10.929167 587.329536
10.933333 587.329536
10.937500 587.329536
10.941667 587.329536
10.945833 587.329536
10.950000 587.329536
10.954167 587.329536
10.958333 587.329536
10.962500 587.329536
10.966667 587.329536
10.970833 587.329536
10.975000 587.329536
10.979167 588.906838
10.983333 605.342706
10.987500 641.241943
10.991667 657.677811
10.995833 659.255114
11.000000 659.255114
11.004167 659.255114
11.008333 659.255114
11.012500 659.255114
11.016667 659.255114
11.020833 659.255114
11.025000 659.255114
11.029167 659.255114
11.033333 659.255114
11.037500 659.255114
11.041667 659.255114
11.045833 659.255114
11.050000 659.255114
11.054167 659.255114
11.058333 659.255114
11.062500 659.255114
11.066667 659.255114
11.070833 659.255114
11.075000 659.255114
11.079167 659.255114
11.083333 659.255114
11.087500 659.255114
11.091667 659.255114
11.095833 659.255114
11.100000 659.255114
11.104167 659.255114
11.108333 659.255114
11.112500 659.255114
11.116667 659.255114
11.120833 659.255114
11.125000 659.255114
11.129167 659.255114
11.133333 657.677811
11.137500 641.241943
11.141667 605.342706
11.145833 588.906838
11.150000 587.329536
11.154167 587.329536
11.158333 587.329536
11.162500 587.329536
11.166667 587.329536
11.170833 587.329536
11.175000 587.329536
11.179167 587.329536
11.183333 587.329536
11.187500 587.329536
11.191667 587.329536
11.195833 587.329536
11.200000 587.329536
11.204167 587.329536
11.208333 587.329536
11.212500 587.329536
11.216667 587.329536
11.220833 587.329536
11.225000 587.329536
11.229167 587.329536
11.233333 587.329536
11.237500 587.329536
11.241667 587.329536
11.245833 587.329536
11.250000 587.329536
11.254167 587.329536
11.258333 587.329536
11.262500 587.329536
11.266667 587.329536
11.270833 587.329536
11.275000 587.329536
11.279167 587.329536
11.283333 587.329536
11.287500 585.924319
11.291667 571.281625
11.295833 539.299041
11.300000 524.656347
11.304167 523.251131
11.308333 523.251131
11.312500 523.251131
11.316667 523.251131
11.320833 523.251131
11.325000 523.251131
11.329167 523.251131
11.333333 523.251131
11.337500 523.251131
11.341667 523.251131
11.345833 523.251131
11.350000 523.251131
11.354167 523.251131
11.358333 523.251131
11.362500 523.251131
11.366667 523.251131
11.370833 523.251131
11.375000 523.251131
11.379167 523.251131
11.383333 523.251131
11.387500 523.251131
11.391667 523.251131
11.395833 523.251131
11.400000 523.251131
11.404167 523.251131
11.408333 523.251131
11.412500 523.251131
11.416667 523.251131
11.420833 523.251131
11.425000 523.251131
11.429167 523.251131
11.433333 523.251131
11.437500 524.656347
11.441667 539.299041
11.445833 571.281625
11.450000 585.924319
11.454167 587.329536
11.458333 587.329536
11.462500 587.329536
11.466667 587.329536
11.470833 587.329536
11.475000 587.329536
11.479167 587.329536
11.483333 587.329536
11.487500 587.329536
11.491667 587.329536
11.495833 587.329536
11.500000 587.329536
11.504167 587.329536
11.508333 587.329536
11.512500 587.329536
11.516667 587.329536
11.520833 587.329536
11.525000 587.329536
11.529167 587.329536
11.533333 587.329536
11.537500 587.329536
11.541667 587.329536
11.545833 587.329536
11.550000 587.329536
11.554167 587.329536
11.558333 587.329536
11.562500 587.329536
11.566667 587.329536
11.570833 587.329536
11.575000 587.329536
11.579167 587.329536
11.583333 587.329536
11.587500 587.329536
11.591667 587.329536
11.595833 585.280293
11.600000 563.926693
11.604167 517.286144
11.608333 495.932544
11.612500 493.883301
11.616667 493.883301
11.620833 493.883301
11.625000 493.883301
11.629167 493.883301
11.633333 493.883301
11.637500 493.883301
11.641667 493.883301
11.645833 493.883301
11.650000 493.883301
11.654167 493.883301
11.658333 493.883301
11.662500 493.883301
11.666667 493.883301
11.670833 493.883301
11.675000 493.883301
11.679167 493.883301
11.683333 493.883301
11.687500 493.883301
11.691667 493.883301
11.695833 493.883301
11.700000 493.883301
11.704167 493.883301
11.708333 493.883301
11.712500 493.883301
11.716667 493.883301
11.720833 493.883301
11.725000 493.883301
11.729167 493.883301
11.733333 493.883301
11.737500 493.883301
11.741667 494.527327
11.745833 501.238233
11.750000 515.896199
11.754167 522.607105
11.758333 523.251131
11.762500 523.251131
11.766667 523.251131
11.770833 523.251131
11.775000 523.251131
11.779167 523.251131
11.783333 523.251131
11.787500 523.251131
11.791667 523.251131
11.795833 523.251131
11.800000 523.251131
11.804167 523.251131
11.808333 523.251131
11.812500 523.251131
11.816667 523.251131
11.820833 523.251131
11.825000 523.251131
11.829167 523.251131
11.833333 523.251131
11.837500 523.251131
11.841667 523.251131
11.845833 523.251131
11.850000 523.251131
11.854167 523.251131
11.858333 523.251131
11.862500 523.251131
11.866667 523.251131
11.870833 523.251131
11.875000 523.251131
11.879167 523.251131
11.883333 523.251131
11.887500 523.251131
11.891667 523.251131
11.895833 523.251131
11.900000 521.425463
11.904167 502.401568
11.908333 460.849562
11.912500 441.825668
11.916667 440.000000
11.920833 440.000000
11.925000 440.000000
11.929167 440.000000
11.933333 440.000000
11.937500 440.000000
11.941667 440.000000
11.945833 440.000000
11.950000 440.000000
11.954167 440.000000
11.958333 440.000000
11.962500 440.000000
11.966667 440.000000
11.970833 440.000000
11.975000 440.000000
11.979167 440.000000
11.983333 440.000000
11.987500 440.000000
11.991667 440.000000
11.995833 440.000000
12.000000 440.000000
12.004167 440.000000
12.008333 440.000000
12.012500 440.000000
12.016667 440.000000
12.020833 440.000000
12.025000 440.000000
12.029167 440.000000
12.033333 440.000000
12.037500 440.000000
12.041667 440.000000
12.045833 440.000000
12.050000 440.000000
12.054167 441.825668
12.058333 460.849562
12.062500 502.401568
12.066667 521.425463
12.070833 523.251131
12.075000 523.251131
12.079167 523.251131
12.083333 523.251131
12.087500 523.251131
12.091667 523.251131
12.095833 523.251131
12.100000 523.251131
12.104167 523.251131
12.108333 523.251131
12.112500 523.251131
12.116667 523.251131
12.120833 523.251131
12.125000 523.251131
12.129167 523.251131
12.133333 523.251131
12.137500 523.251131
12.141667 523.251131
12.145833 523.251131
12.150000 523.251131
12.154167 523.251131
12.158333 523.251131
12.162500 523.251131
12.166667 523.251131
12.170833 523.251131
12.175000 523.251131
12.179167 523.251131
12.183333 523.251131
12.187500 523.251131
12.191667 523.251131
12.195833 523.251131
12.200000 523.251131
12.204167 523.251131
12.208333 523.251131
12.212500 523.251131
12.216667 526.233650
12.220833 557.312212
12.225000 625.194033
12.229167 656.272595
12.233333 659.255114
12.237500 659.255114
12.241667 659.255114
12.245833 659.255114
12.250000 659.255114
12.254167 659.255114
12.258333 659.255114
12.262500 659.255114
12.266667 659.255114
12.270833 659.255114
12.275000 659.255114
12.279167 659.255114
12.283333 659.255114
12.287500 659.255114
12.291667 659.255114
12.295833 659.255114
12.300000 659.255114
12.304167 659.255114
12.308333 659.255114
12.312500 659.255114
12.316667 659.255114
12.320833 659.255114
12.325000 659.255114
12.329167 659.255114
12.333333 659.255114
12.337500 659.255114
12.341667 659.255114
12.345833 659.255114
12.350000 659.255114
12.354167 659.255114
12.358333 657.677811
12.362500 641.241943
12.366667 605.342706
12.370833 588.906838
12.375000 587.329536
12.379167 587.329536
12.383333 587.329536
12.387500 587.329536
12.391667 587.329536
12.395833 587.329536
12.400000 587.329536
12.404167 587.329536
12.408333 587.329536
12.412500 587.329536
12.416667 587.329536
12.420833 587.329536
12.425000 587.329536
12.429167 587.329536
12.433333 587.329536
12.437500 587.329536
12.441667 587.329536
12.445833 587.329536
12.450000 587.329536
12.454167 587.329536
12.458333 587.329536
12.462500 587.329536
12.466667 587.329536
12.470833 587.329536
12.475000 587.329536
12.479167 587.329536
12.483333 587.329536
12.487500 587.329536
12.491667 587.329536
12.495833 587.329536
12.500000 587.329536
12.504167 587.329536
12.508333 585.924319
12.512500 571.281625
12.516667 539.299041
12.520833 524.656347
12.525000 523.251131
12.529167 523.251131
12.533333 523.251131
12.537500 523.251131
12.541667 523.251131
12.545833 523.251131
12.550000 523.251131
12.554167 523.251131
12.558333 523.251131
12.562500 523.251131
12.566667 523.251131
12.570833 523.251131
12.575000 523.251131
12.579167 523.251131
12.583333 523.251131
12.587500 523.251131
12.591667 523.251131
12.595833 523.251131
12.600000 523.251131
12.604167 523.251131
12.608333 523.251131
12.612500 523.251131
12.616667 523.251131
12.620833 523.251131
12.625000 523.251131
12.629167 523.251131
12.633333 523.251131
12.637500 523.251131
12.641667 523.251131
12.645833 523.251131
12.650000 523.251131
12.654167 524.656347
12.658333 539.299041
12.662500 571.281625
12.666667 585.924319
12.670833 587.329536
12.675000 587.329536
12.679167 587.329536
12.683333 587.329536
12.687500 587.329536
12.691667 587.329536
12.695833 587.329536
12.700000 587.329536
12.704167 587.329536
12.708333 587.329536
12.712500 587.329536
12.716667 587.329536
12.720833 587.329536
12.725000 587.329536
12.729167 587.329536
12.733333 587.329536
12.737500 587.329536
12.741667 587.329536
12.745833 587.329536
12.750000 587.329536
12.754167 587.329536
12.758333 587.329536
12.762500 587.329536
12.766667 587.329536
12.770833 587.329536
12.775000 587.329536
12.779167 587.329536
12.783333 587.329536
12.787500 587.329536
12.791667 587.329536
12.795833 587.329536
12.800000 587.329536
12.804167 587.329536
12.808333 585.280293
12.812500 563.926693
12.816667 517.286144
12.820833 495.932544
12.825000 493.883301
12.829167 493.883301
12.833333 493.883301
12.837500 493.883301
12.841667 493.883301
12.845833 493.883301
12.850000 493.883301
12.854167 493.883301
12.858333 493.883301
12.862500 493.883301
12.866667 493.883301
12.870833 493.883301
12.875000 493.883301
12.879167 493.883301
12.883333 493.883301
12.887500 493.883301
12.891667 493.883301
12.895833 493.883301
12.900000 493.883301
12.904167 493.883301
12.908333 493.883301
12.912500 493.883301
12.916667 493.883301
12.920833 493.883301
12.925000 493.883301
12.929167 493.883301
12.933333 493.883301
12.937500 493.883301
12.941667 493.883301
12.945833 493.883301
12.950000 493.883301
12.954167 493.883301
12.958333 493.883301
12.962500 494.527327
12.966667 501.238233
12.970833 515.896199
12.975000 522.607105
12.979167 523.251131
12.983333 523.251131
12.987500 523.251131
12.991667 523.251131
12.995833 523.251131
13.000000 523.251131
13.004167 523.251131
13.008333 523.251131
13.012500 523.251131
13.016667 523.251131
13.020833 523.251131
13.025000 523.251131
13.029167 523.251131
13.033333 523.251131
13.037500 523.251131
13.041667 523.251131
13.045833 523.251131
13.050000 523.251131
13.054167 523.251131
13.058333 523.251131
13.062500 523.251131
13.066667 523.251131
13.070833 523.251131
13.075000 523.251131
13.079167 523.251131
13.083333 523.251131
13.087500 523.251131
13.091667 523.251131
13.095833 523.251131
13.100000 523.251131
13.104167 523.251131
13.108333 523.251131
13.112500 523.251131
13.116667 523.251131
13.120833 523.251131
13.125000 523.251131
13.129167 521.425463
13.133333 502.401568
13.137500 460.849562
13.141667 441.825668
13.145833 440.000000
13.150000 440.000000
13.154167 440.000000
13.158333 440.000000
13.162500 440.000000
13.166667 440.000000
13.170833 440.000000
13.175000 440.000000
13.179167 440.000000
13.183333 440.000000
13.187500 440.000000
13.191667 440.000000
13.195833 440.000000
13.200000 440.000000
13.204167 440.000000
13.208333 440.000000
13.212500 440.000000
13.216667 440.000000
13.220833 440.000000
13.225000 440.000000
13.229167 440.000000
13.233333 440.000000
13.237500 440.000000
13.241667 440.000000
13.245833 440.000000
13.250000 440.000000
13.254167 440.000000
13.258333 440.000000
13.262500 440.000000
13.266667 440.000000
13.270833 440.000000
13.275000 440.000000
13.279167 440.000000
13.283333 440.000000
13.287500 441.825668
13.291667 460.849562
13.295833 502.401568
13.300000 521.425463
13.304167 523.251131
13.308333 523.251131
13.312500 523.251131
13.316667 523.251131
13.320833 523.251131
13.325000 523.251131
13.329167 523.251131
13.333333 523.251131
13.337500 523.251131
13.341667 523.251131
13.345833 523.251131
13.350000 523.251131
13.354167 523.251131
13.358333 523.251131
13.362500 523.251131
13.366667 523.251131
13.370833 523.251131
13.375000 523.251131
13.379167 523.251131
13.383333 523.251131
13.387500 523.251131
13.391667 523.251131
13.395833 523.251131
13.400000 523.251131
13.404167 523.251131
13.408333 523.251131
13.412500 523.251131
13.416667 523.251131
13.420833 523.251131
13.425000 523.251131
13.429167 526.233650
13.433333 557.312212
13.437500 625.194033
13.441667 656.272595
13.445833 659.255114
13.450000 659.255114
13.454167 659.255114
13.458333 659.255114
13.462500 659.255114
13.466667 659.255114
13.470833 659.255114
13.475000 659.255114
13.479167 659.255114
13.483333 659.255114
13.487500 659.255114
13.491667 659.255114
13.495833 659.255114
13.500000 659.255114
13.504167 659.255114
13.508333 659.255114
13.512500 659.255114
13.516667 659.255114
13.520833 659.255114
13.525000 659.255114
13.529167 659.255114
13.533333 659.255114
13.537500 659.255114
13.541667 659.255114
13.545833 659.255114
13.550000 659.255114
13.554167 659.255114
13.558333 659.255114
13.562500 659.255114
13.566667 659.255114
13.570833 659.255114
13.575000 659.255114
13.579167 659.255114
13.583333 659.255114
13.587500 657.677811
13.591667 641.241943
13.595833 605.342706
13.600000 588.906838
13.604167 587.329536
13.608333 587.329536
13.612500 587.329536
13.616667 587.329536
13.620833 587.329536
13.625000 587.329536
13.629167 587.329536
13.633333 587.329536
13.637500 587.329536
13.641667 587.329536
13.645833 587.329536
13.650000 587.329536
13.654167 587.329536
13.658333 587.329536
13.662500 587.329536
13.666667 587.329536
13.670833 587.329536
13.675000 587.329536
13.679167 587.329536
13.683333 587.329536
13.687500 587.329536
13.691667 587.329536
13.695833 587.329536
13.700000 587.329536
13.704167 587.329536
13.708333 587.329536
13.712500 587.329536
13.716667 587.329536
13.720833 587.329536
13.725000 587.329536
13.729167 587.329536
13.733333 587.329536
13.737500 587.329536
13.741667 587.329536
13.745833 585.924319
13.750000 571.281625
13.754167 539.299041
13.758333 524.656347
13.762500 523.251131
13.766667 523.251131
13.770833 523.251131
13.775000 523.251131
13.779167 523.251131
13.783333 523.251131
13.787500 523.251131
13.791667 523.251131
13.795833 523.251131
13.800000 523.251131
13.804167 523.251131
13.808333 523.251131
13.812500 523.251131
13.816667 523.251131
13.820833 523.251131
13.825000 523.251131
13.829167 523.251131
13.833333 523.251131
13.837500 523.251131
13.841667 523.251131
13.845833 523.251131
13.850000 523.251131
13.854167 523.251131
13.858333 523.251131
13.862500 523.251131
13.866667 523.251131
13.870833 523.251131
13.875000 523.251131
13.879167 523.251131
13.883333 523.251131
13.887500 523.251131
13.891667 523.251131
13.895833 524.656347
13.900000 539.299041
13.904167 571.281625
13.908333 585.924319
13.912500 587.329536
13.916667 587.329536
13.920833 587.329536
13.925000 587.329536
13.929167 587.329536
13.933333 587.329536
13.937500 587.329536
13.941667 587.329536
13.945833 587.329536
13.950000 587.329536
13.954167 587.329536
13.958333 587.329536
13.962500 587.329536
13.966667 587.329536
13.970833 587.329536
13.975000 587.329536
13.979167 587.329536
13.983333 587.329536
13.987500 587.329536
13.991667 587.329536
13.995833 587.329536
14.000000 587.329536
14.004167 587.329536
14.008333 587.329536
14.012500 587.329536
14.016667 587.329536
14.020833 587.329536
14.025000 587.329536
14.029167 587.329536
14.033333 587.329536
14.037500 587.329536
14.041667 587.329536
14.045833 585.280293
14.050000 563.926693
14.054167 517.286144
14.058333 495.932544
14.062500 493.883301
14.066667 493.883301
14.070833 493.883301
14.075000 493.883301
14.079167 493.883301
14.083333 493.883301
14.087500 493.883301
14.091667 493.883301
14.095833 493.883301
14.100000 493.883301
14.104167 493.883301
14.108333 493.883301
14.112500 493.883301
14.116667 493.883301
14.120833 493.883301
14.125000 493.883301
14.129167 493.883301
14.133333 493.883301
14.137500 493.883301
14.141667 493.883301
14.145833 493.883301
14.150000 493.883301
14.154167 493.883301
14.158333 493.883301
14.162500 493.883301
14.166667 493.883301
14.170833 493.883301
14.175000 493.883301
14.179167 493.883301
14.183333 493.883301
14.187500 493.883301
14.191667 493.883301
14.195833 494.527327
14.200000 501.238233
14.204167 515.896199
14.208333 522.607105
14.212500 523.251131
14.216667 523.251131
14.220833 523.251131
14.225000 523.251131
14.229167 523.251131
14.233333 523.251131
14.237500 523.251131
14.241667 523.251131
14.245833 523.251131
14.250000 523.251131
14.254167 523.251131
14.258333 523.251131
14.262500 523.251131
14.266667 523.251131
14.270833 523.251131
14.275000 523.251131
14.279167 523.251131
14.283333 523.251131
14.287500 523.251131
14.291667 523.251131
14.295833 523.251131
14.300000 523.251131
14.304167 523.251131
14.308333 523.251131
14.312500 523.251131
14.316667 523.251131
14.320833 523.251131
14.325000 523.251131
14.329167 523.251131
14.333333 523.251131
14.337500 523.251131
14.341667 523.251131
14.345833 521.425463
14.350000 502.401568
14.354167 460.849562
14.358333 441.825668
14.362500 440.000000
14.366667 440.000000
14.370833 440.000000
14.375000 440.000000
14.379167 440.000000
14.383333 440.000000
14.387500 440.000000
14.391667 440.000000
14.395833 440.000000
14.400000 440.000000
14.404167 440.000000
14.408333 440.000000
14.412500 440.000000
14.416667 440.000000
14.420833 440.000000
14.425000 440.000000
14.429167 440.000000
14.433333 440.000000
14.437500 440.000000
14.441667 440.000000
14.445833 440.000000
14.450000 440.000000
14.454167 440.000000
14.458333 440.000000
14.462500 440.000000
14.466667 440.000000
14.470833 440.000000
14.475000 440.000000
14.479167 440.000000
14.483333 440.000000
14.487500 440.000000
14.491667 440.000000
14.495833 440.000000
14.500000 441.825668
14.504167 460.849562
14.508333 502.401568
14.512500 521.425463
14.516667 523.251131
14.520833 523.251131
14.525000 523.251131
14.529167 523.251131
14.533333 523.251131
14.537500 523.251131
14.541667 523.251131
14.545833 523.251131
14.550000 523.251131
14.554167 523.251131
14.558333 523.251131
14.562500 523.251131
14.566667 523.251131
14.570833 523.251131
14.575000 523.251131
14.579167 523.251131
14.583333 523.251131
14.587500 523.251131
14.591667 523.251131
14.595833 523.251131
14.600000 523.251131
14.604167 523.251131
14.608333 523.251131
14.612500 523.251131
14.616667 523.251131
14.620833 523.251131
14.625000 523.251131
14.629167 523.251131
14.633333 523.251131
14.637500 523.251131
14.641667 523.251131
14.645833 523.251131
14.650000 526.233650
14.654167 557.312212
14.658333 625.194033
14.662500 656.272595
14.666667 659.255114
14.670833 659.255114
14.675000 659.255114
14.679167 659.255114
14.683333 659.255114
14.687500 659.255114
14.691667 659.255114
14.695833 659.255114
14.700000 659.255114
14.704167 659.255114
14.708333 659.255114
14.712500 659.255114
14.716667 659.255114
14.720833 659.255114
14.725000 659.255114
14.729167 659.255114
14.733333 659.255114
14.737500 659.255114
14.741667 659.255114
14.745833 659.255114
14.750000 659.255114
14.754167 659.255114
14.758333 659.255114
14.762500 659.255114
14.766667 659.255114
14.770833 659.255114
14.775000 659.255114
14.779167 659.255114
14.783333 659.255114
14.787500 657.677811
14.791667 641.241943
14.795833 605.342706
14.800000 588.906838
14.804167 587.329536
14.808333 587.329536
14.812500 587.329536
14.816667 587.329536
14.820833 587.329536
14.825000 587.329536
14.829167 587.329536
14.833333 587.329536
14.837500 587.329536
14.841667 587.329536
14.845833 587.329536
14.850000 587.329536
14.854167 587.329536
14.858333 587.329536
14.862500 587.329536
14.866667 587.329536
14.870833 587.329536
14.875000 587.329536
14.879167 587.329536
14.883333 587.329536
14.887500 587.329536
14.891667 587.329536
14.895833 587.329536
14.900000 587.329536
14.904167 587.329536
14.908333 587.329536
14.912500 587.329536
14.916667 587.329536
14.920833 587.329536
14.925000 587.329536
14.929167 587.329536
14.933333 587.329536
14.937500 587.329536
14.941667 587.329536
14.945833 587.329536
14.950000 585.924319
14.954167 571.281625
14.958333 539.299041
14.962500 524.656347
14.966667 523.251131
14.970833 523.251131
14.975000 523.251131
14.979167 523.251131
14.983333 523.251131
14.987500 523.251131
14.991667 523.251131
14.995833 523.251131
15.000000 523.251131
15.004167 523.251131
15.008333 523.251131
15.012500 523.251131
15.016667 523.251131
15.020833 523.251131
15.025000 523.251131
15.029167 523.251131
15.033333 523.251131
15.037500 523.251131
15.041667 523.251131
15.045833 523.251131
15.050000 523.251131
15.054167 523.251131
15.058333 523.251131
15.062500 523.251131
15.066667 523.251131
15.070833 523.251131
15.075000 523.251131
15.079167 523.251131
15.083333 524.656347
15.087500 539.299041
15.091667 571.281625
15.095833 585.924319
15.100000 587.329536
15.104167 587.329536
15.108333 587.329536
15.112500 587.329536
15.116667 587.329536
15.120833 587.329536
15.125000 587.329536
15.129167 587.329536
15.133333 587.329536
15.137500 587.329536
15.141667 587.329536
15.145833 587.329536
15.150000 587.329536
15.154167 587.329536
15.158333 587.329536
15.162500 587.329536
15.166667 587.329536
15.170833 587.329536
15.175000 587.329536
15.179167 587.329536
15.183333 587.329536
15.187500 587.329536
15.191667 587.329536
15.195833 587.329536
15.200000 587.329536
15.204167 587.329536
15.208333 587.329536
15.212500 587.329536
15.216667 587.329536
15.220833 587.329536
15.225000 587.329536
15.229167 585.280293
15.233333 563.926693
15.237500 517.286144
15.241667 495.932544
15.245833 493.883301
15.250000 493.883301
15.254167 493.883301
15.258333 493.883301
15.262500 493.883301
15.266667 493.883301
15.270833 493.883301
15.275000 493.883301
15.279167 493.883301
15.283333 493.883301
15.287500 493.883301
15.291667 493.883301
15.295833 493.883301
15.300000 493.883301
15.304167 493.883301
15.308333 493.883301
15.312500 493.883301
15.316667 493.883301
15.320833 493.883301
15.325000 493.883301
15.329167 493.883301
15.333333 493.883301
15.337500 493.883301
15.341667 493.883301
15.345833 493.883301
15.350000 493.883301
15.354167 493.883301
15.358333 493.883301
15.362500 493.883301
15.366667 493.883301
15.370833 493.883301
15.375000 493.883301
15.379167 494.527327
15.383333 501.238233
15.387500 515.896199
15.391667 522.607105
15.395833 523.251131
15.400000 523.251131
15.404167 523.251131
15.408333 523.251131
15.412500 523.251131
15.416667 523.251131
15.420833 523.251131
15.425000 523.251131
15.429167 523.251131
15.433333 523.251131
15.437500 523.251131
15.441667 523.251131
15.445833 523.251131
15.450000 523.251131
15.454167 523.251131
15.458333 523.251131
15.462500 523.251131
15.466667 523.251131
15.470833 523.251131
15.475000 523.251131
15.479167 523.251131
15.483333 523.251131
15.487500 523.251131
15.491667 523.251131
15.495833 523.251131
15.500000 523.251131
15.504167 523.251131
15.508333 523.251131
15.512500 523.251131
15.516667 523.251131
15.520833 523.251131
15.525000 521.425463
15.529167 502.401568
15.533333 460.849562
15.537500 441.825668
15.541667 440.000000
15.545833 440.000000
15.550000 440.000000
15.554167 440.000000
15.558333 440.000000
15.562500 440.000000
15.566667 440.000000
15.570833 440.000000
15.575000 440.000000
15.579167 440.000000
15.583333 440.000000
15.587500 440.000000
15.591667 440.000000
15.595833 440.000000
15.600000 440.000000
15.604167 440.000000
15.608333 440.000000
15.612500 440.000000
15.616667 440.000000
15.620833 440.000000
15.625000 440.000000
15.629167 440.000000
15.633333 440.000000
15.637500 440.000000
15.641667 440.000000
15.645833 440.000000
15.650000 440.000000
15.654167 440.000000
15.658333 440.000000
15.662500 440.000000
15.666667 440.000000
15.670833 440.000000
15.675000 440.000000
15.679167 441.181642
15.683333 453.494631
15.687500 480.388671
15.691667 492.701660
15.695833 493.883301
15.700000 493.883301
15.704167 493.883301
15.708333 493.883301
15.712500 493.883301
15.716667 493.883301
15.720833 493.883301
15.725000 493.883301
15.729167 493.883301
15.733333 493.883301
15.737500 493.883301
15.741667 493.883301
15.745833 493.883301
15.750000 493.883301
15.754167 493.883301
15.758333 493.883301
15.762500 493.883301
15.766667 493.883301
15.770833 493.883301
15.775000 493.883301
15.779167 493.883301
15.783333 493.883301
15.787500 493.883301
15.791667 493.883301
15.795833 493.883301
15.800000 493.883301
15.804167 493.883301
15.808333 493.883301
15.812500 493.883301
15.816667 494.527327
15.820833 501.238233
15.825000 515.896199
15.829167 522.607105
15.833333 523.251131
15.837500 523.251131
15.841667 523.251131
15.845833 523.251131
15.850000 523.251131
15.854167 523.251131
15.858333 523.251131
15.862500 523.251131
15.866667 523.251131
15.870833 523.251131
15.875000 523.251131
15.879167 523.251131
15.883333 523.251131
15.887500 523.251131
15.891667 523.251131
15.895833 523.251131
15.900000 523.251131
15.904167 523.251131
15.908333 523.251131
15.912500 523.251131
15.916667 523.251131
15.920833 523.251131
15.925000 523.251131
15.929167 523.251131
15.933333 523.251131
15.937500 523.251131
15.941667 523.251131
15.945833 523.251131
15.950000 523.251131
15.954167 523.251131
15.958333 523.251131
15.962500 522.607105
15.966667 515.896199
15.970833 501.238233
15.975000 494.527327
15.979167 493.883301
15.983333 493.883301
15.987500 493.883301
15.991667 493.883301
15.995833 493.883301
16.000000 493.883301
16.004167 493.883301
16.008333 493.883301
16.012500 493.883301
16.016667 493.883301
16.020833 493.883301
16.025000 493.883301
16.029167 493.883301
16.033333 493.883301
16.037500 493.883301
16.041667 493.883301
16.045833 493.883301
16.050000 493.883301
16.054167 493.883301
16.058333 493.883301
16.062500 493.883301
16.066667 493.883301
16.070833 493.883301
16.075000 493.883301
16.079167 493.883301
16.083333 493.883301
16.087500 493.883301
16.091667 493.883301
16.095833 493.883301
16.100000 493.883301
16.104167 493.883301
16.108333 493.883301
16.112500 492.701660
16.116667 480.388671
16.120833 453.494631
16.125000 441.181642
16.129167 440.000000
16.133333 440.000000
16.137500 440.000000
16.141667 440.000000
16.145833 440.000000
16.150000 440.000000
16.154167 440.000000
16.158333 440.000000
16.162500 440.000000
16.166667 440.000000
16.170833 440.000000
16.175000 440.000000
16.179167 440.000000
16.183333 440.000000
16.187500 440.000000
16.191667 440.000000
16.195833 440.000000
16.200000 440.000000
16.204167 440.000000
16.208333 440.000000
16.212500 440.000000
16.216667 440.000000
16.220833 440.000000
16.225000 440.000000
16.229167 440.000000
16.233333 441.181642
16.237500 453.494631
16.241667 480.388671
16.245833 492.701660
16.250000 493.883301
16.254167 493.883301
16.258333 493.883301
16.262500 493.883301
16.266667 493.883301
16.270833 493.883301
16.275000 493.883301
16.279167 493.883301
16.283333 493.883301
16.287500 493.883301
16.291667 493.883301
16.295833 493.883301
16.300000 493.883301
16.304167 493.883301
16.308333 493.883301
16.312500 493.883301
16.316667 493.883301
16.320833 493.883301
16.325000 493.883301
16.329167 493.883301
16.333333 493.883301
16.337500 493.883301
16.341667 493.883301
16.345833 493.883301
16.350000 493.883301
16.354167 493.883301
16.358333 493.883301
16.362500 493.883301
16.366667 493.883301
16.370833 493.883301
16.375000 493.883301
16.379167 493.883301
16.383333 491.648937
16.387500 468.366322
16.391667 417.512416
16.395833 394.229801
16.400000 391.995436
16.404167 391.995436
16.408333 391.995436
16.412500 391.995436
16.416667 391.995436
16.420833 391.995436
16.425000 391.995436
16.429167 391.995436
16.433333 391.995436
16.437500 391.995436
16.441667 391.995436
16.445833 391.995436
16.450000 391.995436
16.454167 391.995436
16.458333 391.995436
16.462500 391.995436
16.466667 391.995436
16.470833 391.995436
16.475000 391.995436
16.479167 391.995436
16.483333 391.995436
16.487500 391.995436
16.491667 391.995436
16.495833 391.995436
16.500000 391.995436
16.504167 391.995436
16.508333 391.995436
16.512500 391.995436
16.516667 391.995436
16.520833 391.995436
16.525000 393.048159
16.529167 404.017785
16.533333 427.977651
16.537500 438.947277
16.541667 440.000000
16.545833 440.000000
16.550000 440.000000
16.554167 440.000000
16.558333 440.000000
16.562500 440.000000
16.566667 440.000000
16.570833 440.000000
16.575000 440.000000
16.579167 440.000000
16.583333 440.000000
16.587500 440.000000
16.591667 440.000000
16.595833 440.000000
16.600000 440.000000
16.604167 440.000000
16.608333 440.000000
16.612500 440.000000
16.616667 440.000000
16.620833 440.000000
16.625000 440.000000
16.629167 440.000000
16.633333 440.000000
16.637500 440.000000
16.641667 440.000000
16.645833 440.000000
16.650000 440.000000
16.654167 440.000000
16.658333 440.000000
16.662500 440.000000
16.666667 440.000000
16.670833 440.000000
16.675000 440.000000
16.679167 440.000000
16.683333 440.000000
16.687500 440.000000
16.691667 440.000000
16.695833 440.000000
16.700000 440.000000
16.704167 440.000000
