0.004167 0.000000
0.008333 0.000000
0.012500 0.000000
0.016667 0.000000
0.020833 0.000000
0.025000 0.000000
0.029167 0.000000
0.033333 0.000000
0.037500 0.000000
0.041667 0.000000
0.045833 0.000000
0.050000 0.000000
0.054167 0.000000
0.058333 0.000000
0.062500 0.000000
0.066667 0.000000
0.070833 0.000000
0.075000 0.000000
0.079167 0.000000
0.083333 0.000000
0.087500 0.000000
0.091667 0.000000
0.095833 0.000000
0.100000 0.000000
0.104167 0.000000
0.108333 0.000000
0.112500 0.000000
0.116667 0.000000
0.120833 0.000000
0.125000 0.000000
0.129167 0.000000
0.133333 0.000000
0.137500 0.000000
0.141667 0.000000
0.145833 0.000000
0.150000 0.000000
0.154167 0.000000
0.158333 0.000000
0.162500 0.000000
0.166667 0.000000
0.170833 0.000000
0.175000 0.000000
0.179167 0.000000
0.183333 0.000000
0.187500 0.000000
0.191667 0.000000
0.195833 0.000000
0.200000 0.000000
0.204167 0.000000
0.208333 0.000000
0.212500 0.000000
0.216667 0.000000
0.220833 0.000000
0.225000 0.000000
0.229167 0.000000
0.233333 0.000000
0.237500 0.000000
0.241667 0.000000
0.245833 0.000000
0.250000 0.000000
0.254167 0.000000
0.258333 0.000000
0.262500 0.000000
0.266667 0.000000
0.270833 0.000000
0.275000 0.000000
0.279167 0.000000
0.283333 0.000000
0.287500 0.000000
0.291667 0.000000
0.295833 0.000000
0.300000 0.000000
0.304167 0.000000
0.308333 0.000000
0.312500 0.000000
0.316667 0.000000
0.320833 0.000000
0.325000 0.000000
0.329167 0.000000
0.333333 0.000000
0.337500 0.000000
0.341667 0.000000
0.345833 0.000000
0.350000 0.000000
0.354167 0.000000
0.358333 0.000000
0.362500 0.000000
0.366667 0.000000
0.370833 0.000000
0.375000 0.000000
0.379167 0.000000
0.383333 0.000000
0.387500 0.000000
0.391667 0.000000
0.395833 0.000000
0.400000 0.000000
0.404167 0.000000
0.408333 0.000000
0.412500 0.000000
0.416667 0.000000
0.420833 0.000000
0.425000 0.000000
0.429167 0.000000
0.433333 0.000000
0.437500 0.000000
0.441667 0.000000
0.445833 0.000000
0.450000 0.000000
0.454167 0.000000
0.458333 0.000000
0.462500 0.000000
0.466667 0.000000
0.470833 0.000000
0.475000 0.000000
0.479167 0.000000
0.483333 0.000000
0.487500 0.000000
0.491667 0.000000
0.495833 0.000000
0.500000 0.000000
0.504167 0.000000
0.508333 0.000000
0.512500 0.000000
0.516667 0.000000
0.520833 0.000000
0.525000 0.000000
0.529167 0.000000
0.533333 0.000000
0.537500 0.000000
0.541667 0.000000
0.545833 0.000000
0.550000 0.000000
0.554167 0.000000
0.558333 0.000000
0.562500 0.000000
0.566667 0.000000
0.570833 0.000000
0.575000 0.000000
0.579167 0.000000
0.583333 0.000000
0.587500 0.000000
0.591667 0.000000
0.595833 0.000000
0.600000 0.000000
0.604167 0.000000
0.608333 0.000000
0.612500 0.000000
0.616667 0.000000
0.620833 0.000000
0.625000 0.000000
0.629167 0.000000
0.633333 0.000000
0.637500 0.000000
0.641667 0.000000
0.645833 0.000000
0.650000 0.000000
0.654167 0.000000
0.658333 0.000000
0.662500 0.000000
0.666667 0.000000
0.670833 0.000000
0.675000 0.000000
0.679167 0.000000
0.683333 0.000000
0.687500 0.000000
0.691667 0.000000
0.695833 0.000000
0.700000 0.000000
0.704167 0.000000
0.708333 0.000000
0.712500 0.000000
0.716667 0.000000
0.720833 0.000000
0.725000 0.000000
0.729167 0.000000
0.733333 0.000000
0.737500 0.000000
0.741667 0.000000
0.745833 0.000000
0.750000 0.000000
0.754167 0.000000
0.758333 0.000000
0.762500 0.000000
0.766667 0.000000
0.770833 0.000000
0.775000 0.000000
0.779167 0.000000
0.783333 0.000000
0.787500 0.000000
0.791667 0.000000
0.795833 0.000000
0.800000 0.000000
0.804167 0.000000
0.808333 0.000000
0.812500 0.000000
0.816667 0.000000
0.820833 0.000000
0.825000 0.000000
0.829167 0.000000
0.833333 0.000000
0.837500 0.000000
0.841667 0.000000
0.845833 0.000000
0.850000 0.000000
0.854167 0.000000
0.858333 0.000000
0.862500 0.000000
0.866667 0.000000
0.870833 0.000000
0.875000 0.000000
0.879167 0.000000
0.883333 0.000000
0.887500 0.000000
0.891667 0.000000
0.895833 0.000000
0.900000 0.000000
0.904167 0.000000
0.908333 0.000000
0.912500 0.000000
0.916667 0.000000
0.920833 0.000000
0.925000 0.000000
0.929167 0.000000
0.933333 0.000000
0.937500 0.000000
0.941667 0.000000
0.945833 0.000000
0.950000 0.000000
0.954167 0.000000
0.958333 0.000000
0.962500 0.000000
0.966667 0.000000
0.970833 0.000000
0.975000 0.000000
0.979167 0.000000
0.983333 0.000000
0.987500 0.000000
0.991667 0.000000
0.995833 0.000000
1.000000 0.000000
1.004167 0.000000
1.008333 0.000000
1.012500 0.000000
1.016667 0.000000
1.020833 0.000000
1.025000 0.000000
1.029167 0.000000
1.033333 0.000000
1.037500 0.000000
1.041667 0.000000
1.045833 0.000000
1.050000 0.000000
1.054167 0.000000
1.058333 0.000000
1.062500 0.000000
1.066667 0.000000
1.070833 0.000000
1.075000 0.000000
1.079167 0.000000
1.083333 0.000000
1.087500 0.000000
1.091667 0.000000
1.095833 0.000000
1.100000 0.000000
1.104167 0.000000
1.108333 0.000000
1.112500 0.000000
1.116667 0.000000
1.120833 0.000000
1.125000 0.000000
1.129167 0.000000
1.133333 0.000000
1.137500 0.000000
1.141667 0.000000
1.145833 0.000000
1.150000 0.000000
1.154167 0.000000
1.158333 0.000000
1.162500 0.000000
1.166667 0.000000
1.170833 0.000000
1.175000 0.000000
1.179167 0.000000
1.183333 0.000000
1.187500 0.000000
1.191667 0.000000
1.195833 0.000000
1.200000 0.000000
1.204167 0.000000
1.208333 0.000000
1.212500 0.000000
1.216667 0.000000
1.220833 0.000000
1.225000 0.000000
1.229167 0.000000
1.233333 0.000000
1.237500 0.000000
1.241667 0.000000
1.245833 0.000000
1.250000 0.000000
1.254167 0.000000
1.258333 0.000000
1.262500 0.000000
1.266667 0.000000
1.270833 0.000000
1.275000 0.000000
1.279167 0.000000
1.283333 0.000000
1.287500 0.000000
1.291667 0.000000
1.295833 0.000000
1.300000 0.000000
1.304167 0.000000
1.308333 0.000000
1.312500 0.000000
1.316667 0.000000
1.320833 0.000000
1.325000 0.000000
1.329167 0.000000
1.333333 0.000000
1.337500 0.000000
1.341667 0.000000
1.345833 0.000000
1.350000 0.000000
1.354167 0.000000
1.358333 0.000000
1.362500 0.000000
1.366667 0.000000
1.370833 0.000000
1.375000 0.000000
1.379167 0.000000
1.383333 0.000000
1.387500 0.000000
1.391667 0.000000
1.395833 0.000000
1.400000 0.000000
1.404167 0.000000
1.408333 0.000000
1.412500 0.000000
1.416667 0.000000
1.420833 0.000000
1.425000 0.000000
1.429167 0.000000
1.433333 0.000000
1.437500 0.000000
1.441667 0.000000
1.445833 0.000000
1.450000 0.000000
1.454167 0.000000
1.458333 0.000000
1.462500 0.000000
1.466667 0.000000
1.470833 0.000000
1.475000 0.000000
1.479167 0.000000
1.483333 0.000000
1.487500 0.000000
1.491667 0.000000
1.495833 0.000000
1.500000 0.000000
1.504167 0.000000
1.508333 0.000000
1.512500 0.000000
1.516667 0.000000
1.520833 0.000000
1.525000 0.000000
1.529167 0.000000
1.533333 0.000000
1.537500 0.000000
1.541667 0.000000
1.545833 0.000000
1.550000 0.000000
1.554167 0.000000
1.558333 0.000000
1.562500 0.000000
1.566667 0.000000
1.570833 0.000000
1.575000 0.000000
1.579167 0.000000
1.583333 0.000000
1.587500 0.000000
1.591667 0.000000
1.595833 0.000000
1.600000 0.000000
1.604167 0.000000
1.608333 0.000000
1.612500 0.000000
1.616667 0.000000
1.620833 0.000000
1.625000 0.000000
1.629167 0.000000
1.633333 0.000000
1.637500 0.000000
1.641667 0.000000
1.645833 0.000000
1.650000 0.000000
1.654167 0.000000
1.658333 0.000000
1.662500 0.000000
1.666667 0.000000
1.670833 0.000000
1.675000 0.000000
1.679167 0.000000
1.683333 0.000000
1.687500 0.000000
1.691667 0.000000
1.695833 0.000000
1.700000 0.000000
1.704167 0.000000
1.708333 0.000000
1.712500 0.000000
1.716667 0.000000
1.720833 0.000000
1.725000 0.000000
1.729167 0.000000
1.733333 0.000000
1.737500 0.000000
1.741667 0.000000
1.745833 0.000000
1.750000 0.000000
1.754167 0.000000
1.758333 0.000000
1.762500 0.000000
1.766667 0.000000
1.770833 0.000000
1.775000 0.000000
1.779167 0.000000
1.783333 0.000000
1.787500 0.000000
1.791667 0.000000
1.795833 0.000000
1.800000 0.000000
1.804167 0.000000
1.808333 0.000000
1.812500 0.000000
1.816667 0.000000
1.820833 0.000000
1.825000 0.000000
1.829167 0.000000
1.833333 0.000000
1.837500 0.000000
1.841667 0.000000
1.845833 0.000000
1.850000 0.000000
1.854167 0.000000
1.858333 0.000000
1.862500 0.000000
1.866667 0.000000
1.870833 0.000000
1.875000 0.000000
1.879167 0.000000
1.883333 0.000000
1.887500 0.000000
1.891667 0.000000
1.895833 0.000000
1.900000 0.000000
1.904167 0.000000
1.908333 0.000000
1.912500 0.000000
1.916667 0.000000
1.920833 0.000000
1.925000 0.000000
1.929167 0.000000
1.933333 0.000000
1.937500 0.000000
1.941667 0.000000
1.945833 0.000000
1.950000 0.000000
1.954167 0.000000
1.958333 0.000000
1.962500 0.000000
1.966667 0.000000
1.970833 0.000000
1.975000 0.000000
1.979167 0.000000
1.983333 0.000000
1.987500 0.000000
1.991667 0.000000
1.995833 0.000000
2.000000 0.000000
2.004167 0.000000
2.008333 0.000000
2.012500 0.000000
2.016667 0.000000
2.020833 0.000000
2.025000 0.000000
2.029167 0.000000
2.033333 0.000000
2.037500 0.000000
2.041667 0.000000
2.045833 0.000000
2.050000 0.000000
2.054167 0.000000
2.058333 0.000000
2.062500 0.000000
2.066667 0.000000
2.070833 0.000000
2.075000 0.000000
2.079167 0.000000
2.083333 0.000000
2.087500 0.000000
2.091667 0.000000
2.095833 0.000000
2.100000 0.000000
2.104167 0.000000
2.108333 0.000000
2.112500 0.000000
2.116667 0.000000
2.120833 0.000000
2.125000 0.000000
2.129167 0.000000
2.133333 0.000000
2.137500 0.000000
2.141667 0.000000
2.145833 0.000000
2.150000 0.000000
2.154167 0.000000
2.158333 0.000000
2.162500 0.000000
2.166667 0.000000
2.170833 0.000000
2.175000 0.000000
2.179167 0.000000
2.183333 0.000000
2.187500 0.000000
2.191667 0.000000
2.195833 0.000000
2.200000 0.000000
2.204167 0.000000
2.208333 0.000000
2.212500 0.000000
2.216667 0.000000
2.220833 0.000000
2.225000 0.000000
2.229167 0.000000
2.233333 0.000000
2.237500 0.000000
2.241667 0.000000
2.245833 0.000000
2.250000 0.000000
2.254167 0.000000
2.258333 0.000000
2.262500 0.000000
2.266667 0.000000
2.270833 0.000000
2.275000 0.000000
2.279167 0.000000
2.283333 0.000000
2.287500 0.000000
2.291667 0.000000
2.295833 0.000000
2.300000 0.000000
2.304167 0.000000
2.308333 0.000000
2.312500 0.000000
2.316667 0.000000
2.320833 0.000000
2.325000 0.000000
2.329167 0.000000
2.333333 0.000000
2.337500 0.000000
2.341667 0.000000
2.345833 0.000000
2.350000 0.000000
2.354167 0.000000
2.358333 0.000000
2.362500 0.000000
2.366667 0.000000
2.370833 0.000000
2.375000 0.000000
2.379167 0.000000
2.383333 0.000000
2.387500 0.000000
2.391667 0.000000
2.395833 0.000000
2.400000 0.000000
2.404167 0.000000
2.408333 0.000000
2.412500 0.000000
2.416667 0.000000
2.420833 0.000000
2.425000 0.000000
2.429167 0.000000
2.433333 0.000000
2.437500 0.000000
2.441667 0.000000
2.445833 0.000000
2.450000 0.000000
2.454167 0.000000
2.458333 0.000000
2.462500 0.000000
2.466667 0.000000
2.470833 0.000000
2.475000 0.000000
2.479167 0.000000
2.483333 0.000000
2.487500 0.000000
2.491667 0.000000
2.495833 0.000000
2.500000 0.000000
2.504167 0.000000
2.508333 0.000000
2.512500 0.000000
2.516667 0.000000
2.520833 0.000000
2.525000 0.000000
2.529167 0.000000
2.533333 0.000000
2.537500 0.000000
2.541667 0.000000
2.545833 0.000000
2.550000 0.000000
2.554167 0.000000
2.558333 0.000000
2.562500 0.000000
2.566667 0.000000
2.570833 0.000000
2.575000 0.000000
2.579167 0.000000
2.583333 0.000000
2.587500 0.000000
2.591667 0.000000
2.595833 0.000000
2.600000 0.000000
2.604167 0.000000
2.608333 0.000000
2.612500 0.000000
2.616667 0.000000
2.620833 0.000000
2.625000 0.000000
2.629167 0.000000
2.633333 0.000000
2.637500 0.000000
2.641667 0.000000
2.645833 0.000000
2.650000 0.000000
2.654167 0.000000
2.658333 0.000000
2.662500 0.000000
2.666667 0.000000
2.670833 0.000000
2.675000 0.000000
2.679167 0.000000
2.683333 0.000000
2.687500 0.000000
2.691667 0.000000
2.695833 0.000000
2.700000 0.000000
2.704167 0.000000
2.708333 0.000000
2.712500 0.000000
2.716667 0.000000
2.720833 0.000000
2.725000 0.000000
2.729167 0.000000
2.733333 0.000000
2.737500 0.000000
2.741667 0.000000
2.745833 0.000000
2.750000 0.000000
2.754167 0.000000
2.758333 0.000000
2.762500 0.000000
2.766667 0.000000
2.770833 0.000000
2.775000 0.000000
2.779167 0.000000
2.783333 0.000000
2.787500 0.000000
2.791667 0.000000
2.795833 0.000000
2.800000 0.000000
2.804167 0.000000
2.808333 0.000000
2.812500 0.000000
2.816667 0.000000
2.820833 0.000000
2.825000 0.000000
2.829167 0.000000
2.833333 0.000000
2.837500 0.000000
2.841667 0.000000
2.845833 0.000000
2.850000 0.000000
2.854167 0.000000
2.858333 0.000000
2.862500 0.000000
2.866667 0.000000
2.870833 0.000000
2.875000 0.000000
2.879167 0.000000
2.883333 0.000000
2.887500 0.000000
2.891667 0.000000
2.895833 0.000000
2.900000 0.000000
2.904167 0.000000
2.908333 0.000000
2.912500 0.000000
2.916667 0.000000
2.920833 0.000000
2.925000 0.000000
2.929167 0.000000
2.933333 0.000000
2.937500 0.000000
2.941667 0.000000
2.945833 0.000000
2.950000 0.000000
2.954167 0.000000
2.958333 0.000000
2.962500 0.000000
2.966667 0.000000
2.970833 0.000000
2.975000 0.000000
2.979167 0.000000
2.983333 0.000000
2.987500 0.000000
2.991667 0.000000
2.995833 0.000000
3.000000 0.000000
3.004167 0.000000
3.008333 0.000000
3.012500 0.000000
3.016667 0.000000
3.020833 0.000000
3.025000 0.000000
3.029167 0.000000
3.033333 0.000000
3.037500 0.000000
3.041667 0.000000
3.045833 0.000000
3.050000 0.000000
3.054167 0.000000
3.058333 0.000000
3.062500 0.000000
3.066667 0.000000
3.070833 0.000000
3.075000 0.000000
3.079167 0.000000
3.083333 0.000000
3.087500 0.000000
3.091667 0.000000
3.095833 0.000000
3.100000 0.000000
3.104167 0.000000
3.108333 0.000000
3.112500 0.000000
3.116667 0.000000
3.120833 0.000000
3.125000 0.000000
3.129167 0.000000
3.133333 0.000000
3.137500 0.000000
3.141667 0.000000
3.145833 0.000000
3.150000 0.000000
3.154167 0.000000
3.158333 0.000000
3.162500 0.000000
3.166667 0.000000
3.170833 0.000000
3.175000 0.000000
3.179167 0.000000
3.183333 0.000000
3.187500 0.000000
3.191667 0.000000
3.195833 0.000000
3.200000 0.000000
3.204167 0.000000
3.208333 0.000000
3.212500 0.000000
3.216667 0.000000
3.220833 0.000000
3.225000 0.000000
3.229167 0.000000
3.233333 0.000000
3.237500 0.000000
3.241667 0.000000
3.245833 0.000000
3.250000 0.000000
3.254167 0.000000
3.258333 0.000000
3.262500 0.000000
3.266667 0.000000
3.270833 0.000000
3.275000 0.000000
3.279167 0.000000
3.283333 0.000000
3.287500 0.000000
3.291667 0.000000
3.295833 0.000000
3.300000 0.000000
3.304167 0.000000
3.308333 0.000000
3.312500 0.000000
3.316667 0.000000
3.320833 0.000000
3.325000 0.000000
3.329167 0.000000
3.333333 0.000000
3.337500 0.000000
3.341667 0.000000
3.345833 0.000000
3.350000 0.000000
3.354167 0.000000
3.358333 0.000000
3.362500 0.000000
3.366667 0.000000
3.370833 0.000000
3.375000 0.000000
3.379167 0.000000
3.383333 0.000000
3.387500 0.000000
3.391667 0.000000
3.395833 0.000000
3.400000 0.000000
3.404167 0.000000
3.408333 0.000000
3.412500 0.000000
3.416667 0.000000
3.420833 0.000000
3.425000 0.000000
3.429167 0.000000
3.433333 0.000000
3.437500 0.000000
3.441667 0.000000
3.445833 0.000000
3.450000 0.000000
3.454167 0.000000
3.458333 0.000000
3.462500 0.000000
3.466667 0.000000
3.470833 0.000000
3.475000 0.000000
3.479167 0.000000
3.483333 0.000000
3.487500 0.000000
3.491667 0.000000
3.495833 0.000000
3.500000 0.000000
3.504167 0.000000
3.508333 0.000000
3.512500 0.000000
3.516667 0.000000
3.520833 0.000000
3.525000 0.000000
3.529167 0.000000
3.533333 0.000000
3.537500 0.000000
3.541667 0.000000
3.545833 0.000000
3.550000 0.000000
3.554167 0.000000
3.558333 0.000000
3.562500 0.000000
3.566667 0.000000
3.570833 0.000000
3.575000 0.000000
3.579167 0.000000
3.583333 0.000000
3.587500 0.000000
3.591667 0.000000
3.595833 0.000000
3.600000 0.000000
3.604167 0.000000
3.608333 0.000000
3.612500 0.000000
3.616667 0.000000
3.620833 0.000000
3.625000 0.000000
3.629167 0.000000
3.633333 0.000000
3.637500 0.000000
3.641667 0.000000
3.645833 0.000000
3.650000 0.000000
3.654167 0.000000
3.658333 0.000000
3.662500 0.000000
3.666667 0.000000
3.670833 0.000000
3.675000 0.000000
3.679167 0.000000
3.683333 0.000000
3.687500 0.000000
3.691667 0.000000
3.695833 0.000000
3.700000 0.000000
3.704167 0.000000
3.708333 0.000000
3.712500 0.000000
3.716667 0.000000
3.720833 0.000000
3.725000 0.000000
3.729167 0.000000
3.733333 0.000000
3.737500 0.000000
3.741667 0.000000
3.745833 0.000000
3.750000 0.000000
3.754167 0.000000
3.758333 0.000000
3.762500 0.000000
3.766667 0.000000
3.770833 0.000000
3.775000 0.000000
3.779167 0.000000
3.783333 0.000000
3.787500 0.000000
3.791667 0.000000
3.795833 0.000000
3.800000 0.000000
3.804167 0.000000
3.808333 0.000000
3.812500 0.000000
3.816667 0.000000
3.820833 0.000000
3.825000 0.000000
3.829167 0.000000
3.833333 0.000000
3.837500 0.000000
3.841667 0.000000
3.845833 0.000000
3.850000 0.000000
3.854167 0.000000
3.858333 0.000000
3.862500 0.000000
3.866667 0.000000
3.870833 0.000000
3.875000 0.000000
3.879167 0.000000
3.883333 0.000000
3.887500 0.000000
3.891667 0.000000
3.895833 0.000000
3.900000 0.000000
3.904167 0.000000
3.908333 0.000000
3.912500 0.000000
3.916667 0.000000
3.920833 0.000000
3.925000 0.000000
3.929167 0.000000
3.933333 0.000000
3.937500 0.000000
3.941667 0.000000
3.945833 0.000000
3.950000 0.000000
3.954167 0.000000
3.958333 0.000000
3.962500 0.000000
3.966667 0.000000
3.970833 0.000000
3.975000 0.000000
3.979167 0.000000
3.983333 0.000000
3.987500 0.000000
3.991667 0.000000
3.995833 0.000000
4.000000 0.000000
4.004167 0.000000
4.008333 0.000000
4.012500 0.000000
4.016667 0.000000
4.020833 0.000000
4.025000 0.000000
4.029167 0.000000
4.033333 0.000000
4.037500 0.000000
4.041667 0.000000
4.045833 0.000000
4.050000 0.000000
4.054167 0.000000
4.058333 0.000000
4.062500 0.000000
4.066667 0.000000
4.070833 0.000000
4.075000 0.000000
4.079167 0.000000
4.083333 0.000000
4.087500 0.000000
4.091667 0.000000
4.095833 0.000000
4.100000 0.000000
4.104167 0.000000
4.108333 0.000000
4.112500 0.000000
4.116667 0.000000
4.120833 0.000000
4.125000 0.000000
4.129167 0.000000
4.133333 0.000000
4.137500 0.000000
4.141667 0.000000
4.145833 0.000000
4.150000 0.000000
4.154167 0.000000
4.158333 0.000000
4.162500 0.000000
4.166667 0.000000
4.170833 0.000000
4.175000 0.000000
4.179167 0.000000
4.183333 0.000000
4.187500 0.000000
4.191667 0.000000
4.195833 0.000000
4.200000 0.000000
4.204167 0.000000
4.208333 0.000000
4.212500 0.000000
4.216667 0.000000
4.220833 0.000000
4.225000 0.000000
4.229167 0.000000
4.233333 0.000000
4.237500 0.000000
4.241667 0.000000
4.245833 0.000000
4.250000 0.000000
4.254167 0.000000
4.258333 0.000000
4.262500 0.000000
4.266667 0.000000
4.270833 0.000000
4.275000 0.000000
4.279167 0.000000
4.283333 0.000000
4.287500 0.000000
4.291667 0.000000
4.295833 0.000000
4.300000 0.000000
4.304167 0.000000
4.308333 0.000000
4.312500 0.000000
4.316667 0.000000
4.320833 0.000000
4.325000 0.000000
4.329167 0.000000
4.333333 0.000000
4.337500 0.000000
4.341667 0.000000
4.345833 0.000000
4.350000 0.000000
4.354167 0.000000
4.358333 0.000000
4.362500 0.000000
4.366667 0.000000
4.370833 0.000000
4.375000 0.000000
4.379167 0.000000
4.383333 0.000000
4.387500 0.000000
4.391667 0.000000
4.395833 0.000000
4.400000 0.000000
4.404167 0.000000
4.408333 0.000000
4.412500 0.000000
4.416667 0.000000
4.420833 0.000000
4.425000 0.000000
4.429167 0.000000
4.433333 0.000000
4.437500 0.000000
4.441667 0.000000
4.445833 0.000000
4.450000 0.000000
4.454167 0.000000
4.458333 0.000000
4.462500 0.000000
4.466667 0.000000
4.470833 0.000000
4.475000 0.000000
4.479167 0.000000
4.483333 0.000000
4.487500 0.000000
4.491667 0.000000
4.495833 0.000000
4.500000 0.000000
4.504167 0.000000
4.508333 0.000000
4.512500 0.000000
4.516667 0.000000
4.520833 0.000000
4.525000 0.000000
4.529167 0.000000
4.533333 0.000000
4.537500 0.000000
4.541667 0.000000
4.545833 0.000000
4.550000 0.000000
4.554167 0.000000
4.558333 0.000000
4.562500 0.000000
4.566667 0.000000
4.570833 0.000000
4.575000 0.000000
4.579167 0.000000
4.583333 0.000000
4.587500 0.000000
4.591667 0.000000
4.595833 0.000000
4.600000 0.000000
4.604167 0.000000
4.608333 0.000000
4.612500 0.000000
4.616667 0.000000
4.620833 0.000000
4.625000 0.000000
4.629167 0.000000
4.633333 0.000000
4.637500 0.000000
4.641667 0.000000
4.645833 0.000000
4.650000 0.000000
4.654167 0.000000
4.658333 0.000000
4.662500 0.000000
4.666667 0.000000
4.670833 0.000000
4.675000 0.000000
4.679167 0.000000
4.683333 0.000000
4.687500 0.000000
4.691667 0.000000
4.695833 0.000000
4.700000 0.000000
4.704167 0.000000
4.708333 0.000000
4.712500 0.000000
4.716667 0.000000
4.720833 0.000000
4.725000 0.000000
4.729167 0.000000
4.733333 0.000000
4.737500 0.000000
4.741667 0.000000
4.745833 0.000000
4.750000 0.000000
4.754167 0.000000
4.758333 0.000000
4.762500 0.000000
4.766667 0.000000
4.770833 0.000000
4.775000 0.000000
4.779167 0.000000
4.783333 0.000000
4.787500 0.000000
4.791667 0.000000
4.795833 0.000000
4.800000 0.000000
4.804167 0.000000
4.808333 0.000000
4.812500 0.000000
4.816667 0.000000
4.820833 0.000000
4.825000 0.000000
4.829167 0.000000
4.833333 0.000000
4.837500 0.000000
4.841667 0.000000
4.845833 0.000000
4.850000 0.000000
4.854167 0.000000
4.858333 0.000000
4.862500 0.000000
4.866667 0.000000
4.870833 0.000000
4.875000 0.000000
4.879167 0.000000
4.883333 0.000000
4.887500 0.000000
4.891667 0.000000
4.895833 0.000000
4.900000 0.000000
4.904167 0.000000
4.908333 0.000000
4.912500 0.000000
4.916667 0.000000
4.920833 0.000000
4.925000 0.000000
4.929167 0.000000
4.933333 0.000000
4.937500 0.000000
4.941667 0.000000
4.945833 0.000000
4.950000 0.000000
4.954167 0.000000
4.958333 0.000000
4.962500 0.000000
4.966667 0.000000
4.970833 0.000000
4.975000 0.000000
4.979167 0.000000
4.983333 0.000000
4.987500 0.000000
4.991667 0.000000
4.995833 0.000000
5.000000 0.000000
5.004167 0.000000
5.008333 0.000000
5.012500 0.000000
5.016667 0.000000
5.020833 0.000000
5.025000 0.000000
5.029167 0.000000
5.033333 0.000000
5.037500 0.000000
5.041667 0.000000
5.045833 0.000000
5.050000 0.000000
5.054167 0.000000
5.058333 0.000000
5.062500 0.000000
5.066667 0.000000
5.070833 0.000000
5.075000 0.000000
5.079167 0.000000
5.083333 0.000000
5.087500 0.000000
5.091667 0.000000
5.095833 0.000000
5.100000 0.000000
5.104167 0.000000
5.108333 0.000000
5.112500 0.000000
5.116667 0.000000
5.120833 0.000000
5.125000 0.000000
5.129167 0.000000
5.133333 0.000000
5.137500 0.000000
5.141667 0.000000
5.145833 0.000000
5.150000 0.000000
5.154167 0.000000
5.158333 0.000000
5.162500 0.000000
5.166667 0.000000
5.170833 0.000000
5.175000 0.000000
5.179167 0.000000
5.183333 0.000000
5.187500 0.000000
5.191667 0.000000
5.195833 0.000000
5.200000 0.000000
5.204167 0.000000
5.208333 0.000000
5.212500 0.000000
5.216667 0.000000
5.220833 0.000000
5.225000 0.000000
5.229167 0.000000
5.233333 0.000000
5.237500 0.000000
5.241667 0.000000
5.245833 0.000000
5.250000 0.000000
5.254167 0.000000
5.258333 0.000000
5.262500 0.000000
5.266667 0.000000
5.270833 0.000000
5.275000 0.000000
5.279167 0.000000
5.283333 0.000000
5.287500 0.000000
5.291667 0.000000
5.295833 0.000000
5.300000 0.000000
5.304167 0.000000
5.308333 0.000000
5.312500 0.000000
5.316667 0.000000
5.320833 0.000000
5.325000 0.000000
5.329167 0.000000
5.333333 0.000000
5.337500 0.000000
5.341667 0.000000
5.345833 0.000000
5.350000 0.000000
5.354167 0.000000
5.358333 0.000000
5.362500 0.000000
5.366667 0.000000
5.370833 0.000000
5.375000 0.000000
5.379167 0.000000
5.383333 0.000000
5.387500 0.000000
5.391667 0.000000
5.395833 0.000000
5.400000 0.000000
5.404167 0.000000
5.408333 0.000000
5.412500 0.000000
5.416667 0.000000
5.420833 0.000000
5.425000 0.000000
5.429167 0.000000
5.433333 0.000000
5.437500 0.000000
5.441667 0.000000
5.445833 0.000000
5.450000 0.000000
5.454167 0.000000
5.458333 0.000000
5.462500 0.000000
5.466667 0.000000
5.470833 0.000000
5.475000 0.000000
5.479167 0.000000
5.483333 0.000000
5.487500 0.000000
5.491667 0.000000
5.495833 0.000000
5.500000 0.000000
5.504167 0.000000
5.508333 0.000000
5.512500 0.000000
5.516667 0.000000
5.520833 0.000000
5.525000 0.000000
5.529167 0.000000
5.533333 0.000000
5.537500 0.000000
5.541667 0.000000
5.545833 0.000000
5.550000 0.000000
5.554167 0.000000
5.558333 0.000000
5.562500 0.000000
5.566667 0.000000
5.570833 0.000000
5.575000 0.000000
5.579167 0.000000
5.583333 0.000000
5.587500 0.000000
5.591667 0.000000
5.595833 0.000000
5.600000 0.000000
5.604167 0.000000
5.608333 0.000000
5.612500 0.000000
5.616667 0.000000
5.620833 0.000000
5.625000 0.000000
5.629167 0.000000
5.633333 0.000000
5.637500 0.000000
5.641667 0.000000
5.645833 0.000000
5.650000 0.000000
5.654167 0.000000
5.658333 0.000000
5.662500 0.000000
5.666667 0.000000
5.670833 0.000000
5.675000 0.000000
5.679167 0.000000
5.683333 0.000000
5.687500 0.000000
5.691667 0.000000
5.695833 0.000000
5.700000 0.000000
5.704167 0.000000
5.708333 0.000000
5.712500 0.000000
5.716667 0.000000
5.720833 0.000000
5.725000 0.000000
5.729167 0.000000
5.733333 0.000000
5.737500 0.000000
5.741667 0.000000
5.745833 0.000000
5.750000 0.000000
5.754167 0.000000
5.758333 0.000000
5.762500 0.000000
5.766667 0.000000
5.770833 0.000000
5.775000 0.000000
5.779167 0.000000
5.783333 0.000000
5.787500 0.000000
5.791667 0.000000
5.795833 0.000000
5.800000 0.000000
5.804167 0.000000
5.808333 0.000000
5.812500 0.000000
5.816667 0.000000
5.820833 0.000000
5.825000 0.000000
5.829167 0.000000
5.833333 0.000000
5.837500 0.000000
5.841667 0.000000
5.845833 0.000000
5.850000 0.000000
5.854167 0.000000
5.858333 0.000000
5.862500 0.000000
5.866667 0.000000
5.870833 0.000000
5.875000 0.000000
5.879167 0.000000
5.883333 0.000000
5.887500 0.000000
5.891667 0.000000
5.895833 0.000000
5.900000 0.000000
5.904167 0.000000
5.908333 0.000000
5.912500 0.000000
5.916667 0.000000
5.920833 0.000000
5.925000 0.000000
5.929167 0.000000
5.933333 0.000000
5.937500 0.000000
5.941667 0.000000
5.945833 0.000000
5.950000 0.000000
5.954167 0.000000
5.958333 0.000000
5.962500 0.000000
5.966667 0.000000
5.970833 0.000000
5.975000 0.000000
5.979167 0.000000
5.983333 0.000000
5.987500 0.000000
5.991667 0.000000
5.995833 0.000000
6.000000 0.000000
6.004167 0.000000
6.008333 0.000000
6.012500 0.000000
6.016667 0.000000
6.020833 0.000000
6.025000 0.000000
6.029167 0.000000
6.033333 0.000000
6.037500 0.000000
6.041667 0.000000
6.045833 0.000000
6.050000 0.000000
6.054167 0.000000
6.058333 0.000000
6.062500 0.000000
6.066667 0.000000
6.070833 0.000000
6.075000 0.000000
6.079167 0.000000
6.083333 0.000000
6.087500 0.000000
6.091667 0.000000
6.095833 0.000000
6.100000 0.000000
6.104167 0.000000
6.108333 0.000000
6.112500 0.000000
6.116667 0.000000
6.120833 0.000000
6.125000 0.000000
6.129167 0.000000
6.133333 0.000000
6.137500 0.000000
6.141667 0.000000
6.145833 0.000000
6.150000 0.000000
6.154167 0.000000
6.158333 0.000000
6.162500 0.000000
6.166667 0.000000
6.170833 0.000000
6.175000 0.000000
6.179167 0.000000
6.183333 0.000000
6.187500 0.000000
6.191667 0.000000
6.195833 0.000000
6.200000 0.000000
6.204167 0.000000
6.208333 0.000000
6.212500 0.000000
6.216667 0.000000
6.220833 0.000000
6.225000 0.000000
6.229167 0.000000
6.233333 0.000000
6.237500 0.000000
6.241667 0.000000
6.245833 0.000000
6.250000 0.000000
6.254167 0.000000
6.258333 0.000000
6.262500 0.000000
6.266667 0.000000
6.270833 0.000000
6.275000 0.000000
6.279167 0.000000
6.283333 0.000000
6.287500 0.000000
6.291667 0.000000
6.295833 0.000000
6.300000 0.000000
6.304167 0.000000
6.308333 0.000000
6.312500 0.000000
6.316667 0.000000
6.320833 0.000000
6.325000 0.000000
6.329167 0.000000
6.333333 0.000000
6.337500 0.000000
6.341667 0.000000
6.345833 0.000000
6.350000 0.000000
6.354167 0.000000
6.358333 0.000000
6.362500 0.000000
6.366667 0.000000
6.370833 0.000000
6.375000 0.000000
6.379167 0.000000
6.383333 0.000000
6.387500 0.000000
6.391667 0.000000
6.395833 0.000000
6.400000 0.000000
6.404167 0.000000
6.408333 0.000000
6.412500 0.000000
6.416667 0.000000
6.420833 0.000000
6.425000 0.000000
6.429167 0.000000
6.433333 0.000000
6.437500 0.000000
6.441667 0.000000
6.445833 0.000000
6.450000 0.000000
6.454167 0.000000
6.458333 0.000000
6.462500 0.000000
6.466667 0.000000
6.470833 0.000000
6.475000 0.000000
6.479167 0.000000
6.483333 0.000000
6.487500 0.000000
6.491667 0.000000
6.495833 0.000000
6.500000 0.000000
6.504167 0.000000
6.508333 0.000000
6.512500 0.000000
6.516667 0.000000
6.520833 0.000000
6.525000 0.000000
6.529167 0.000000
6.533333 0.000000
6.537500 0.000000
6.541667 0.000000
6.545833 0.000000
6.550000 0.000000
6.554167 0.000000
6.558333 0.000000
6.562500 0.000000
6.566667 0.000000
6.570833 0.000000
6.575000 0.000000
6.579167 0.000000
6.583333 0.000000
6.587500 0.000000
6.591667 0.000000
6.595833 0.000000
6.600000 0.000000
6.604167 0.000000
6.608333 0.000000
6.612500 0.000000
6.616667 0.000000
6.620833 0.000000
6.625000 0.000000
6.629167 0.000000
6.633333 0.000000
6.637500 0.000000
6.641667 0.000000
6.645833 0.000000
6.650000 0.000000
6.654167 0.000000
6.658333 0.000000
6.662500 0.000000
6.666667 0.000000
6.670833 0.000000
6.675000 0.000000
6.679167 0.000000
6.683333 0.000000
6.687500 0.000000
6.691667 0.000000
6.695833 0.000000
6.700000 0.000000
6.704167 0.000000
6.708333 0.000000
6.712500 0.000000
6.716667 0.000000
6.720833 0.000000
6.725000 0.000000
6.729167 0.000000
6.733333 0.000000
6.737500 0.000000
6.741667 0.000000
6.745833 0.000000
6.750000 0.000000
6.754167 0.000000
6.758333 0.000000
6.762500 0.000000
6.766667 0.000000
6.770833 0.000000
6.775000 0.000000
6.779167 0.000000
6.783333 0.000000
6.787500 0.000000
6.791667 0.000000
6.795833 0.000000
6.800000 0.000000
6.804167 0.000000
6.808333 0.000000
6.812500 0.000000
6.816667 0.000000
6.820833 0.000000
6.825000 0.000000
6.829167 0.000000
6.833333 0.000000
6.837500 0.000000
6.841667 0.000000
6.845833 0.000000
6.850000 0.000000
6.854167 0.000000
6.858333 0.000000
6.862500 0.000000
6.866667 0.000000
6.870833 0.000000
6.875000 0.000000
6.879167 0.000000
6.883333 0.000000
6.887500 0.000000
6.891667 0.000000
6.895833 0.000000
6.900000 0.000000
6.904167 0.000000
6.908333 0.000000
6.912500 0.000000
6.916667 0.000000
6.920833 0.000000
6.925000 0.000000
6.929167 0.000000
6.933333 0.000000
6.937500 0.000000
6.941667 0.000000
6.945833 0.000000
6.950000 0.000000
6.954167 0.000000
6.958333 0.000000
6.962500 0.000000
6.966667 0.000000
6.970833 0.000000
6.975000 0.000000
6.979167 0.000000
6.983333 0.000000
6.987500 0.000000
6.991667 0.000000
6.995833 0.000000
7.000000 0.000000
7.004167 0.000000
7.008333 0.000000
7.012500 0.000000
7.016667 0.000000
7.020833 0.000000
7.025000 0.000000
7.029167 0.000000
7.033333 0.000000
7.037500 0.000000
7.041667 0.000000
7.045833 0.000000
7.050000 0.000000
7.054167 0.000000
7.058333 0.000000
7.062500 0.000000
7.066667 0.000000
7.070833 0.000000
7.075000 0.000000
7.079167 0.000000
7.083333 0.000000
7.087500 0.000000
7.091667 0.000000
7.095833 0.000000
7.100000 0.000000
7.104167 0.000000
7.108333 0.000000
7.112500 0.000000
7.116667 0.000000
7.120833 0.000000
7.125000 0.296712
7.129167 3.420080
7.133333 10.533334
7.137500 14.700203
7.141667 16.386533
7.145833 17.774979
7.150000 19.110322
7.154167 20.366305
7.158333 21.494782
7.162500 22.388874
7.166667 22.925789
7.170833 23.200085
7.175000 23.473533
7.179167 23.806582
7.183333 24.141478
7.187500 24.431479
7.191667 24.650023
7.195833 24.783359
7.200000 24.816786
7.204167 24.721973
7.208333 24.476035
7.212500 24.077782
7.216667 23.534967
7.220833 22.855626
7.225000 22.046977
7.229167 21.115359
7.233333 20.066776
7.237500 18.906544
7.241667 17.639458
7.245833 16.270052
7.250000 14.802490
7.254167 13.240752
7.258333 11.588601
7.262500 9.849780
7.266667 8.028188
7.270833 6.128433
7.275000 4.156634
7.279167 2.122963
7.283333 0.055010
7.287500 -1.937530
7.291667 -3.642100
7.295833 -5.058039
7.300000 -6.486221
7.304167 -7.994768
7.308333 -9.535744
7.312500 -11.089758
7.316667 -12.647780
7.320833 -14.202447
7.325000 -15.744830
7.329167 -17.255869
7.333333 -18.665384
7.337500 -19.824334
7.341667 -20.750244
7.345833 -21.715681
7.350000 -22.658064
7.354167 -23.410355
7.358333 -23.891803
7.362500 -24.076783
7.366667 -23.999566
7.370833 -23.727459
7.375000 -23.308388
7.379167 -22.770103
7.383333 -22.132115
7.387500 -21.409072
7.391667 -20.612481
7.395833 -19.751595
7.400000 -18.834006
7.404167 -17.866110
7.408333 -16.853475
7.412500 -15.801238
7.416667 -14.714286
7.420833 -13.597737
7.425000 -12.457686
7.429167 -11.302990
7.433333 -10.153659
7.437500 -8.968442
7.441667 -6.823753
7.445833 -2.235847
7.450000 3.769310
7.454167 9.955663
7.458333 15.664887
7.462500 19.876278
7.466667 21.985989
7.470833 23.058219
7.475000 23.811671
7.479167 24.369413
7.483333 24.769187
7.487500 25.036134
7.491667 25.187439
7.495833 25.229108
7.500000 25.149540
7.504167 24.933439
7.508333 24.576243
7.512500 24.079551
7.516667 23.445321
7.520833 22.675252
7.525000 21.771042
7.529167 20.734268
7.533333 19.566319
7.537500 18.268689
7.541667 16.842675
7.545833 15.289607
7.550000 13.610911
7.554167 11.808025
7.558333 9.882787
7.562500 7.837739
7.566667 5.676728
7.570833 3.406583
7.575000 1.041506
7.579167 -1.375259
7.583333 -3.668695
7.587500 -5.462306
7.591667 -6.667308
7.595833 -7.776011
7.600000 -8.962883
7.604167 -10.178503
7.608333 -11.392621
7.612500 -12.582954
7.616667 -13.713909
7.620833 -14.715384
7.625000 -15.664165
7.629167 -16.889714
7.633333 -18.331091
7.637500 -19.768461
7.641667 -21.098602
7.645833 -22.270900
7.650000 -23.229235
7.654167 -23.893473
7.658333 -24.197320
7.662500 -24.192075
7.666667 -24.004040
7.670833 -23.693223
7.675000 -23.273379
7.679167 -22.752610
7.683333 -22.138231
7.687500 -21.436961
7.691667 -20.655054
7.695833 -19.798412
7.700000 -18.872769
7.704167 -17.883974
7.708333 -16.838220
7.712500 -15.742488
7.716667 -14.605432
7.720833 -13.438992
7.725000 -12.262477
7.729167 -11.117422
7.733333 -9.988827
7.737500 -7.840000
7.741667 -3.088392
7.745833 2.838178
7.750000 8.706418
7.754167 14.218150
7.758333 18.931899
7.762500 22.094400
7.766667 23.654061
7.770833 24.579298
7.775000 25.264663
7.779167 25.733917
7.783333 26.030339
7.787500 26.190969
7.791667 26.232306
7.795833 26.143660
7.800000 25.907182
7.804167 25.518762
7.808333 24.981567
7.812500 24.299343
7.816667 23.475683
7.820833 22.513898
7.825000 21.417033
7.829167 20.188230
7.833333 18.830276
7.837500 17.345871
7.841667 15.737770
7.845833 14.008831
7.850000 12.161850
7.854167 10.200081
7.858333 8.127603
7.862500 5.949887
7.866667 3.675530
7.870833 1.320780
7.875000 -1.068857
7.879167 -3.324746
7.883333 -5.141832
7.887500 -6.545602
7.891667 -7.983944
7.895833 -9.551374
7.900000 -11.168735
7.904167 -12.797829
7.908333 -14.413295
7.912500 -15.976459
7.916667 -17.394202
7.920833 -18.631412
7.925000 -19.897998
7.929167 -21.236783
7.933333 -22.479729
7.937500 -23.515198
7.941667 -24.297233
7.945833 -24.790987
7.950000 -24.972678
7.954167 -24.857385
7.958333 -24.500839
7.962500 -23.956322
7.966667 -23.260760
7.970833 -22.440544
7.975000 -21.515472
7.979167 -20.500884
7.983333 -19.409078
7.987500 -18.250392
7.991667 -17.033671
7.995833 -15.766807
8.000000 -14.457292
8.004167 -13.112722
8.008333 -11.741542
8.012500 -10.354491
8.016667 -8.967975
8.020833 -7.617734
8.025000 -6.303368
8.029167 -4.185172
8.033333 0.075769
8.037500 5.352193
8.041667 10.595684
8.045833 15.360649
8.050000 18.929021
8.054167 20.919543
8.058333 22.029291
8.062500 22.782994
8.066667 23.311574
8.070833 23.660778
8.075000 23.858547
8.079167 23.926122
8.083333 23.881860
8.087500 23.736941
8.091667 23.493492
8.095833 23.150133
8.100000 22.705067
8.104167 22.156561
8.108333 21.502821
8.112500 20.741886
8.116667 19.871657
8.120833 18.890037
8.125000 17.794852
8.129167 16.583725
8.133333 15.254235
8.137500 13.804113
8.141667 12.231099
8.145833 10.533106
8.150000 8.708562
8.154167 6.756942
8.158333 4.679832
8.162500 2.483641
8.166667 0.186504
8.170833 -2.151743
8.175000 -4.316628
8.179167 -5.949329
8.183333 -7.061426
8.187500 -8.079947
8.191667 -9.149495
8.195833 -10.241361
8.200000 -11.338871
8.204167 -12.431635
8.208333 -13.503247
8.212500 -14.516750
8.216667 -15.518441
8.220833 -16.694041
8.225000 -17.971176
8.229167 -19.182975
8.233333 -20.254113
8.237500 -21.151901
8.241667 -21.844779
8.245833 -22.294761
8.250000 -22.476228
8.254167 -22.417857
8.258333 -22.183226
8.262500 -21.812224
8.266667 -21.324757
8.270833 -20.735658
8.275000 -20.057207
8.279167 -19.299700
8.283333 -18.472128
8.287500 -17.582563
8.291667 -16.638462
8.295833 -15.647082
8.300000 -14.616056
8.304167 -13.554118
8.308333 -12.472510
8.312500 -11.388483
8.316667 -10.338121
8.320833 -9.348587
8.325000 -7.867008
8.329167 -4.719978
8.333333 -0.200044
8.337500 4.776183
8.341667 9.739081
8.345833 14.467126
8.350000 18.714509
8.354167 22.032453
8.358333 23.915354
8.362500 24.661191
8.366667 25.248881
8.370833 25.928175
8.375000 26.462148
8.379167 26.752943
8.383333 26.835952
8.387500 26.743222
8.391667 26.480896
8.395833 26.054456
8.400000 25.472168
8.404167 24.742059
8.408333 23.871516
8.412500 22.867035
8.416667 21.734873
8.420833 20.480612
8.425000 19.109307
8.429167 17.625829
8.433333 16.034822
8.437500 14.340766
8.441667 12.547932
8.445833 10.660807
8.450000 8.684445
8.454167 6.624877
8.458333 4.490509
8.462500 2.295707
8.466667 0.078193
8.470833 -2.030202
8.475000 -3.850006
8.479167 -5.529397
8.483333 -7.399616
8.487500 -9.430543
8.491667 -11.498568
8.495833 -13.526720
8.500000 -15.371156
8.504167 -16.815431
8.508333 -17.913242
8.512500 -18.999457
8.516667 -20.141970
8.520833 -21.281336
8.525000 -22.379919
8.529167 -23.391971
8.533333 -24.213749
8.537500 -24.661956
8.541667 -24.657374
8.545833 -24.356949
8.550000 -23.871658
8.554167 -23.233419
8.558333 -22.461161
8.562500 -21.570489
8.566667 -20.574380
8.570833 -19.483804
8.575000 -18.308292
8.579167 -17.056472
8.583333 -15.736176
8.587500 -14.354820
8.591667 -12.919792
8.595833 -11.439006
8.600000 -9.921692
8.604167 -8.380041
8.608333 -6.833257
8.612500 -5.323726
8.616667 -3.893832
8.620833 -1.959065
8.625000 1.515927
8.629167 5.728410
8.633333 9.937124
8.637500 13.992526
8.641667 17.781914
8.645833 21.017785
8.650000 23.390178
8.654167 25.055330
8.658333 26.177075
8.662500 26.817725
8.666667 27.121227
8.670833 27.208633
8.675000 27.128863
8.679167 26.894535
8.683333 26.511933
8.687500 25.987790
8.691667 25.328351
8.695833 24.539254
8.700000 23.625842
8.704167 22.593054
8.708333 21.445330
8.712500 20.186816
8.716667 18.821491
8.720833 17.353028
8.725000 15.784879
8.729167 14.120474
8.733333 12.363129
8.737500 10.516393
8.741667 8.584290
8.745833 6.571723
8.750000 4.485701
8.754167 2.338571
8.758333 0.164155
8.762500 -1.913953
8.766667 -3.710531
8.770833 -5.308654
8.775000 -6.976700
8.779167 -8.733133
8.783333 -10.513873
8.787500 -12.282842
8.791667 -13.958483
8.795833 -15.324122
8.800000 -16.295005
8.804167 -17.227653
8.808333 -18.225260
8.812500 -19.221630
8.816667 -20.175902
8.820833 -21.054207
8.825000 -21.810535
8.829167 -22.366340
8.833333 -22.621896
8.837500 -22.554954
8.841667 -22.246624
8.845833 -21.758011
8.850000 -21.117063
8.854167 -20.343672
8.858333 -19.454168
8.862500 -18.462361
8.866667 -17.380182
8.870833 -16.218145
8.875000 -14.985887
8.879167 -13.692499
8.883333 -12.346916
8.887500 -10.958479
8.891667 -9.537640
8.895833 -8.097117
8.900000 -6.654217
8.904167 -5.236197
8.908333 -3.898130
8.912500 -2.694297
8.916667 -1.021165
8.920833 2.365253
8.925000 6.977028
8.929167 11.856101
8.933333 16.525583
8.937500 20.490176
8.941667 23.074698
8.945833 24.365249
8.950000 25.281836
8.954167 25.994285
8.958333 26.447672
8.962500 26.712102
8.966667 26.847348
8.970833 26.877946
8.975000 26.792815
8.979167 26.570316
8.983333 26.203345
8.987500 25.693604
8.991667 25.043359
8.995833 24.254555
9.000000 23.329101
9.004167 22.268846
9.008333 21.075409
9.012500 19.750174
9.016667 18.294532
9.020833 16.709735
9.025000 14.996846
9.029167 13.157146
9.033333 11.191874
9.037500 9.102458
9.041667 6.891211
9.045833 4.562364
9.050000 2.125158
9.054167 -0.388316
9.058333 -2.826043
9.062500 -4.805070
9.066667 -6.169438
9.070833 -7.409223
9.075000 -8.715691
9.079167 -10.042386
9.083333 -11.356694
9.087500 -12.622292
9.091667 -13.757047
9.095833 -14.722510
9.100000 -15.693000
9.104167 -16.752009
9.108333 -17.830843
9.112500 -18.871067
9.116667 -19.839281
9.120833 -20.691222
9.125000 -21.340423
9.129167 -21.671906
9.133333 -21.680270
9.137500 -21.492470
9.141667 -21.177855
9.145833 -20.750000
9.150000 -20.215965
9.154167 -19.582411
9.158333 -18.855699
9.162500 -18.041937
9.166667 -17.147152
9.170833 -16.177548
9.175000 -15.139574
9.179167 -14.040221
9.183333 -12.887482
9.187500 -11.691076
9.191667 -10.463657
9.195833 -9.223274
9.200000 -7.999000
9.204167 -6.848048
9.208333 -5.815383
9.212500 -4.243109
9.216667 -0.833370
9.220833 3.860463
9.225000 8.813647
9.229167 13.519765
9.233333 17.472242
9.237500 20.077906
9.241667 21.432756
9.245833 22.181932
9.250000 22.686652
9.254167 23.044056
9.258333 23.292688
9.262500 23.455037
9.266667 23.545078
9.270833 23.563482
9.275000 23.489493
9.279167 23.299600
9.283333 22.986623
9.287500 22.551586
9.291667 21.996095
9.295833 21.321845
9.300000 20.530316
9.304167 19.622728
9.308333 18.600103
9.312500 17.463332
9.316667 16.213195
9.320833 14.850286
9.325000 13.374924
9.329167 11.787170
9.333333 10.086986
9.337500 8.274148
9.341667 6.348337
9.345833 4.309615
9.350000 2.159480
9.354167 -0.089595
9.358333 -2.353641
9.362500 -4.392097
9.366667 -6.063013
9.370833 -7.615287
9.375000 -9.172149
9.379167 -10.721889
9.383333 -12.243696
9.387500 -13.675483
9.391667 -14.890919
9.395833 -15.886592
9.400000 -16.861791
9.404167 -17.844565
9.408333 -18.783873
9.412500 -19.650889
9.416667 -20.419124
9.420833 -21.052226
9.425000 -21.493795
9.429167 -21.678594
9.433333 -21.594300
9.437500 -21.297313
9.441667 -20.838709
9.445833 -20.248643
9.450000 -19.548402
9.454167 -18.754200
9.458333 -17.878806
9.462500 -16.932666
9.466667 -15.924438
9.470833 -14.861485
9.475000 -13.750381
9.479167 -12.597162
9.483333 -11.407657
9.487500 -10.187904
9.491667 -8.944781
9.495833 -7.687195
9.500000 -6.428980
9.504167 -5.200908
9.508333 -4.039544
9.512500 -2.551944
9.516667 0.014379
9.520833 3.183589
9.525000 6.428806
9.529167 9.629979
9.533333 12.755016
9.537500 15.772626
9.541667 18.634925
9.545833 21.244821
9.550000 23.358093
9.554167 24.597787
9.558333 24.985692
9.562500 25.094782
9.566667 25.192296
9.570833 25.278643
9.575000 25.340200
9.579167 25.372250
9.583333 25.343843
9.587500 25.166933
9.591667 24.772245
9.595833 24.164597
9.600000 23.374323
9.604167 22.427117
9.608333 21.343047
9.612500 20.138022
9.616667 18.824918
9.620833 17.414374
9.625000 15.915314
9.629167 14.335339
9.633333 12.681042
9.637500 10.958192
9.641667 9.172039
9.645833 7.327614
9.650000 5.430228
9.654167 3.486853
9.658333 1.513436
9.662500 -0.424772
9.666667 -2.183041
9.670833 -3.709273
9.675000 -5.155243
9.679167 -6.599684
9.683333 -8.045233
9.687500 -9.490007
9.691667 -10.932791
9.695833 -12.371978
9.700000 -13.803535
9.704167 -15.218026
9.708333 -16.647672
9.712500 -18.146444
9.716667 -19.578928
9.720833 -20.794751
9.725000 -21.669371
9.729167 -22.089029
9.733333 -22.096125
9.737500 -21.862333
9.741667 -21.472352
9.745833 -20.943151
9.750000 -20.283941
9.754167 -19.502940
9.758333 -18.607520
9.762500 -17.604482
9.766667 -16.500225
9.770833 -15.300865
9.775000 -14.012260
9.779167 -12.640093
9.783333 -11.190328
9.787500 -9.669367
9.791667 -8.084555
9.795833 -6.445171
9.800000 -4.764366
9.804167 -3.063980
9.808333 -1.393948
9.812500 0.155942
9.816667 1.903073
9.820833 4.594240
9.825000 7.809944
9.829167 11.077080
9.833333 14.288693
9.837500 17.379522
9.841667 20.140216
9.845833 22.067429
9.850000 22.975245
9.854167 23.600461
9.858333 24.225151
9.862500 24.758227
9.866667 25.146626
9.870833 25.377688
9.875000 25.450781
9.879167 25.362618
9.883333 25.109841
9.887500 24.694792
9.891667 24.122378
9.895833 23.397383
9.900000 22.524340
9.904167 21.507701
9.908333 20.351474
9.912500 19.059572
9.916667 17.635701
9.920833 16.083510
9.925000 14.406685
9.929167 12.608968
9.933333 10.694531
9.937500 8.668443
9.941667 6.537269
9.945833 4.310899
9.950000 2.007472
9.954167 -0.324664
9.958333 -2.516121
9.962500 -4.285253
9.966667 -5.650432
9.970833 -6.945078
9.975000 -8.276524
9.979167 -9.620722
9.983333 -10.964442
9.987500 -12.298524
9.991667 -13.606402
9.995833 -14.841552
10.000000 -15.990542
10.004167 -17.166026
10.008333 -18.364167
10.012500 -19.488408
10.016667 -20.482295
10.020833 -21.317598
10.025000 -21.964877
10.029167 -22.386841
10.033333 -22.552300
10.037500 -22.475432
10.041667 -22.212836
10.045833 -21.810736
10.050000 -21.297014
10.054167 -20.691163
10.058333 -20.007673
10.062500 -19.257838
10.066667 -18.450674
10.070833 -17.593638
10.075000 -16.693181
10.079167 -15.755002
10.083333 -14.784447
10.087500 -13.786867
10.091667 -12.768166
10.095833 -11.735748
10.100000 -10.700857
10.104167 -9.688235
10.108333 -8.659703
10.112500 -6.663131
10.116667 -2.281953
10.120833 3.206593
10.125000 8.699312
10.129167 13.942471
10.133333 18.556307
10.137500 21.740975
10.141667 23.193717
10.145833 23.878974
10.150000 24.382329
10.154167 24.785336
10.158333 25.101474
10.162500 25.339062
10.166667 25.504026
10.170833 25.599072
10.175000 25.608635
10.179167 25.481775
10.183333 25.172566
10.187500 24.674501
10.191667 23.998369
10.195833 23.155415
10.200000 22.155492
10.204167 21.007548
10.208333 19.719644
10.212500 18.298961
10.216667 16.752114
10.220833 15.085302
10.225000 13.304327
10.229167 11.414852
10.233333 9.422677
10.237500 7.334209
10.241667 5.157721
10.245833 2.906392
10.250000 0.614102
10.254167 -1.591009
10.258333 -3.474484
10.262500 -5.039443
10.266667 -6.587270
10.270833 -8.191689
10.275000 -9.808820
10.279167 -11.415147
10.283333 -12.982884
10.287500 -14.435087
10.291667 -15.686359
10.295833 -16.844854
10.300000 -18.070414
10.304167 -19.317832
10.308333 -20.506392
10.312500 -21.588412
10.316667 -22.508541
10.320833 -23.176706
10.325000 -23.495219
10.329167 -23.481946
10.333333 -23.260661
10.337500 -22.898223
10.341667 -22.412364
10.345833 -21.814084
10.350000 -21.113040
10.354167 -20.317822
10.358333 -19.436148
10.362500 -18.475092
10.366667 -17.441394
10.370833 -16.341521
10.375000 -15.182011
10.379167 -13.969744
10.383333 -12.712451
10.387500 -11.419731
10.391667 -10.104779
10.395833 -8.788836
10.400000 -7.517350
10.404167 -6.314027
10.408333 -4.413669
10.412500 -0.459459
10.416667 4.686920
10.420833 9.971018
10.425000 15.008091
10.429167 19.350255
10.433333 22.302153
10.437500 23.810668
10.441667 24.723409
10.445833 25.480382
10.450000 26.117619
10.454167 26.616337
10.458333 26.946218
10.462500 27.076513
10.466667 27.006064
10.470833 26.759685
10.475000 26.352161
10.479167 25.788725
10.483333 25.073430
10.487500 24.210082
10.491667 23.202211
10.495833 22.053294
10.500000 20.766658
10.504167 19.345505
10.508333 17.792939
10.512500 16.112050
10.516667 14.305968
10.520833 12.378205
10.525000 10.332705
10.529167 8.174340
10.533333 5.909877
10.537500 3.549883
10.541667 1.114093
10.545833 -1.344473
10.550000 -3.640600
10.554167 -5.461183
10.558333 -6.835659
10.562500 -8.174996
10.566667 -9.582578
10.570833 -10.998978
10.575000 -12.377033
10.579167 -13.627736
10.583333 -14.672500
10.587500 -15.625160
10.591667 -16.596539
10.595833 -17.566873
10.600000 -18.499956
10.604167 -19.375868
10.608333 -20.172548
10.612500 -20.854387
10.616667 -21.355176
10.620833 -21.591061
10.625000 -21.553255
10.629167 -21.323678
10.633333 -20.956290
10.637500 -20.471382
10.641667 -19.883153
10.645833 -19.203471
10.650000 -18.442555
10.654167 -17.609448
10.658333 -16.712289
10.662500 -15.758739
10.666667 -14.756294
10.670833 -13.712640
10.675000 -12.636238
10.679167 -11.537302
10.683333 -10.429548
10.687500 -9.334400
10.691667 -8.295044
10.695833 -7.258674
10.700000 -4.845691
10.704167 1.148255
10.708333 9.122666
10.712500 16.770127
10.716667 22.254301
10.720833 24.785370
10.725000 25.899735
10.729167 26.634664
10.733333 27.171848
10.737500 27.555041
10.741667 27.810134
10.745833 27.954140
10.750000 27.991677
10.754167 27.906608
10.758333 27.678524
10.762500 27.300273
10.766667 26.771411
10.770833 26.092496
10.775000 25.263945
10.779167 24.285991
10.783333 23.158876
10.787500 21.882758
10.791667 20.457705
10.795833 18.883802
10.800000 17.161214
10.804167 15.290232
10.808333 13.271310
10.812500 11.105382
10.816667 8.794446
10.820833 6.342305
10.825000 3.756831
10.829167 1.055978
10.833333 -1.704158
10.837500 -4.318634
10.841667 -6.478304
10.845833 -8.282832
10.850000 -10.125806
10.854167 -12.056954
10.858333 -13.982037
10.862500 -15.778683
10.866667 -17.255155
10.870833 -18.435615
10.875000 -19.635264
10.879167 -20.913520
10.883333 -22.207218
10.887500 -23.480627
10.891667 -24.692608
10.895833 -25.732829
10.900000 -26.353335
10.904167 -26.395613
10.908333 -26.068895
10.912500 -25.525681
10.916667 -24.799555
10.920833 -23.907928
10.925000 -22.866207
10.929167 -21.688006
10.933333 -20.385476
10.937500 -18.969823
10.941667 -17.451776
10.945833 -15.841683
10.950000 -14.150008
10.954167 -12.388018
10.958333 -10.568565
10.962500 -8.707542
10.966667 -6.826901
10.970833 -4.961744
10.975000 -3.184347
10.979167 -1.591724
10.983333 0.370421
10.987500 3.849333
10.991667 8.182473
10.995833 12.586878
11.000000 16.847621
11.004167 20.820832
11.008333 24.156690
11.012500 26.272214
11.016667 27.148090
11.020833 27.617193
11.025000 28.060294
11.029167 28.473909
11.033333 28.827650
11.037500 29.082349
11.041667 29.184045
11.045833 29.093349
11.050000 28.811402
11.054167 28.349980
11.058333 27.717716
11.062500 26.922030
11.066667 25.969889
11.070833 24.867852
11.075000 23.621815
11.079167 22.237396
11.083333 20.719974
11.087500 19.074596
11.091667 17.306119
11.095833 15.419417
11.100000 13.419432
11.104167 11.311542
11.108333 9.102089
11.112500 6.799026
11.116667 4.413871
11.120833 1.966859
11.125000 -0.490312
11.129167 -2.777262
11.133333 -4.567800
11.137500 -5.852168
11.141667 -7.056198
11.145833 -8.321483
11.150000 -9.612950
11.154167 -10.912880
11.158333 -12.212850
11.162500 -13.506067
11.166667 -14.784991
11.170833 -16.038463
11.175000 -17.241519
11.179167 -18.325450
11.183333 -19.257694
11.187500 -20.200239
11.191667 -21.222391
11.195833 -22.195389
11.200000 -22.999724
11.204167 -23.551633
11.208333 -23.790165
11.212500 -23.739612
11.216667 -23.484066
11.220833 -23.070911
11.225000 -22.517961
11.229167 -21.838118
11.233333 -21.042650
11.237500 -20.141484
11.241667 -19.143528
11.245833 -18.057083
11.250000 -16.889887
11.254167 -15.649336
11.258333 -14.342842
11.262500 -12.978287
11.266667 -11.564591
11.270833 -10.112641
11.275000 -8.637438
11.279167 -7.163089
11.283333 -5.740936
11.287500 -4.423931
11.291667 -2.607421
11.295833 0.842639
11.300000 5.207591
11.304167 9.676768
11.308333 14.004672
11.312500 17.882672
11.316667 20.692759
11.320833 22.220692
11.325000 23.206698
11.329167 24.052301
11.333333 24.780805
11.337500 25.379617
11.341667 25.833570
11.345833 26.123055
11.350000 26.231560
11.354167 26.162388
11.358333 25.932693
11.362500 25.551529
11.366667 25.022062
11.370833 24.346820
11.375000 23.528082
11.379167 22.567957
11.383333 21.468376
11.387500 20.231237
11.391667 18.858384
11.395833 17.351606
11.400000 15.712578
11.404167 13.942950
11.408333 12.044699
11.412500 10.020041
11.416667 7.871755
11.420833 5.604149
11.425000 3.224573
11.429167 0.747946
11.433333 -1.780999
11.437500 -4.180593
11.441667 -6.049823
11.445833 -7.258101
11.450000 -8.286652
11.454167 -9.350566
11.458333 -10.433918
11.462500 -11.522798
11.466667 -12.609729
11.470833 -13.686881
11.475000 -14.738750
11.479167 -15.717634
11.483333 -16.574106
11.487500 -17.402988
11.491667 -18.332851
11.495833 -19.297938
11.500000 -20.210842
11.504167 -21.031324
11.508333 -21.730551
11.512500 -22.278007
11.516667 -22.637660
11.520833 -22.780189
11.525000 -22.717385
11.529167 -22.497230
11.533333 -22.157443
11.537500 -21.720249
11.541667 -21.201374
11.545833 -20.612979
11.550000 -19.964601
11.554167 -19.263983
11.558333 -18.517696
11.562500 -17.731391
11.566667 -16.910141
11.570833 -16.058767
11.575000 -15.182150
11.579167 -14.285701
11.583333 -13.376282
11.587500 -12.464341
11.591667 -11.572779
11.595833 -10.660115
11.600000 -8.777652
11.604167 -4.396912
11.608333 1.436364
11.612500 7.426998
11.616667 13.061674
11.620833 17.765342
11.625000 20.657358
11.629167 21.713951
11.633333 22.217111
11.637500 22.719530
11.641667 23.171953
11.645833 23.525063
11.650000 23.769008
11.654167 23.907961
11.658333 23.936217
11.662500 23.820043
11.666667 23.527991
11.670833 23.058643
11.675000 22.423915
11.679167 21.635245
11.683333 20.702920
11.687500 19.635883
11.691667 18.442038
11.695833 17.128653
11.700000 15.702237
11.704167 14.168679
11.708333 12.533523
11.712500 10.802063
11.716667 8.979622
11.720833 7.072015
11.725000 5.086433
11.729167 3.033973
11.733333 0.943033
11.737500 -1.081693
11.741667 -2.881831
11.745833 -4.545451
11.750000 -6.332762
11.754167 -8.233967
11.758333 -10.166519
11.762500 -12.096237
11.766667 -13.998309
11.770833 -15.830512
11.775000 -17.476374
11.779167 -18.801359
11.783333 -19.929339
11.787500 -21.063315
11.791667 -22.161702
11.795833 -23.130858
11.800000 -23.910947
11.804167 -24.438837
11.808333 -24.666954
11.812500 -24.628911
11.816667 -24.408277
11.820833 -24.047675
11.825000 -23.560583
11.829167 -22.956465
11.833333 -22.243854
11.837500 -21.430537
11.841667 -20.523713
11.845833 -19.530096
11.850000 -18.456021
11.854167 -17.307663
11.858333 -16.091184
11.862500 -14.812960
11.866667 -13.479785
11.870833 -12.099312
11.875000 -10.680772
11.879167 -9.236127
11.883333 -7.782496
11.887500 -6.347838
11.891667 -4.989737
11.895833 -3.771014
11.900000 -2.127037
11.904167 1.074118
11.908333 5.264329
11.912500 9.621706
11.916667 13.859855
11.920833 17.802014
11.925000 21.097657
11.929167 23.356651
11.933333 24.718120
11.937500 25.521875
11.941667 26.025394
11.945833 26.355829
11.950000 26.564707
11.954167 26.678279
11.958333 26.703416
11.962500 26.621532
11.966667 26.410512
11.970833 26.066127
11.975000 25.592805
11.979167 24.995538
11.983333 24.278972
11.987500 23.447333
11.991667 22.504435
11.995833 21.453894
12.000000 20.299081
12.004167 19.043163
12.008333 17.689050
12.012500 16.239514
12.016667 14.697192
12.020833 13.064577
12.025000 11.344205
12.029167 9.538740
12.033333 7.651220
12.037500 5.685404
12.041667 3.646831
12.045833 1.545564
12.050000 -0.589345
12.054167 -2.642056
12.058333 -4.400825
12.062500 -5.895522
12.066667 -7.446055
12.070833 -9.102155
12.075000 -10.799166
12.079167 -12.511722
12.083333 -14.228011
12.087500 -15.938900
12.091667 -17.634628
12.095833 -19.301183
12.100000 -20.907461
12.104167 -22.357691
12.108333 -23.529567
12.112500 -24.543252
12.116667 -25.641086
12.120833 -26.744458
12.125000 -27.635114
12.129167 -28.091675
12.133333 -28.052347
12.137500 -27.683971
12.141667 -27.107110
12.145833 -26.365577
12.150000 -25.486108
12.154167 -24.488743
12.158333 -23.389090
12.162500 -22.199729
12.166667 -20.930916
12.170833 -19.591179
12.175000 -18.187784
12.179167 -16.727031
12.183333 -15.214524
12.187500 -13.655466
12.191667 -12.054818
12.195833 -10.417681
12.200000 -8.749756
12.204167 -7.058309
12.208333 -5.354611
12.212500 -3.665503
12.216667 -1.995132
12.220833 0.330376
12.225000 4.361536
12.229167 9.082287
12.233333 13.669013
12.237500 17.924864
12.241667 21.520215
12.245833 24.024752
12.250000 25.492544
12.254167 26.271050
12.258333 26.709548
12.262500 26.983430
12.266667 27.151970
12.270833 27.240620
12.275000 27.241879
12.279167 27.098623
12.283333 26.756353
12.287500 26.207904
12.291667 25.467085
12.295833 24.547838
12.300000 23.462272
12.304167 22.221347
12.308333 20.834701
12.312500 19.310903
12.316667 17.657827
12.320833 15.882764
12.325000 13.992491
12.329167 11.993658
12.333333 9.893029
12.337500 7.698033
12.341667 5.418216
12.345833 3.068538
12.350000 0.686304
12.354167 -1.584327
12.358333 -3.429809
12.362500 -4.765551
12.366667 -5.991930
12.370833 -7.266761
12.375000 -8.564390
12.379167 -9.870166
12.383333 -11.177133
12.387500 -12.479363
12.391667 -13.769347
12.395833 -15.030632
12.400000 -16.231100
12.404167 -17.498470
12.408333 -19.077915
12.412500 -20.653799
12.416667 -21.961692
12.420833 -22.883132
12.425000 -23.318828
12.429167 -23.331362
12.433333 -23.103959
12.437500 -22.723193
12.441667 -22.205398
12.445833 -21.559161
12.450000 -20.792316
12.454167 -19.912075
12.458333 -18.925282
12.462500 -17.838486
12.466667 -16.658063
12.470833 -15.390566
12.475000 -14.042794
12.479167 -12.622255
12.483333 -11.137783
12.487500 -9.600687
12.491667 -8.027068
12.495833 -6.443527
12.500000 -4.907628
12.504167 -3.477116
12.508333 -1.456354
12.512500 2.467475
12.516667 7.488131
12.520833 12.614566
12.525000 17.487727
12.529167 21.675924
12.533333 24.509138
12.537500 26.010249
12.541667 27.075819
12.545833 27.916917
12.550000 28.426109
12.554167 28.619933
12.558333 28.584791
12.562500 28.396297
12.566667 28.078894
12.570833 27.634487
12.575000 27.063281
12.579167 26.365312
12.583333 25.540456
12.587500 24.588707
12.591667 23.510098
12.595833 22.304577
12.600000 20.972192
12.604167 19.513000
12.608333 17.927254
12.612500 16.215445
12.616667 14.378395
12.620833 12.417513
12.625000 10.335094
12.629167 8.135215
12.633333 5.825103
12.637500 3.418028
12.641667 0.941229
12.645833 -1.532355
12.650000 -3.782132
12.654167 -5.544806
12.658333 -6.968690
12.662500 -8.335801
12.666667 -9.717696
12.670833 -11.101851
12.675000 -12.479848
12.679167 -13.840268
12.683333 -15.147962
12.687500 -16.370384
12.691667 -17.545852
12.695833 -18.682845
12.700000 -19.764522
12.704167 -20.778713
12.708333 -21.712129
12.712500 -22.543997
12.716667 -23.239163
12.720833 -23.735648
12.725000 -23.964450
12.729167 -23.933893
12.733333 -23.725376
12.737500 -23.385190
12.741667 -22.927740
12.745833 -22.362726
12.750000 -21.698653
12.754167 -20.943076
12.758333 -20.102789
12.762500 -19.183952
12.766667 -18.192263
12.770833 -17.133227
12.775000 -16.012109
12.779167 -14.834265
12.783333 -13.605355
12.787500 -12.331760
12.791667 -11.021424
12.795833 -9.685393
12.800000 -8.341695
12.804167 -7.030618
12.808333 -5.803375
12.812500 -4.212312
12.816667 -1.333347
12.820833 2.379172
12.825000 6.243076
12.829167 10.023931
12.833333 13.619089
12.837500 16.885153
12.841667 19.501766
12.845833 21.012695
12.850000 21.485919
12.854167 21.641271
12.858333 21.810962
12.862500 21.987432
12.866667 22.135534
12.870833 22.239660
12.875000 22.297145
12.879167 22.292908
12.883333 22.175643
12.887500 21.897441
12.891667 21.450488
12.895833 20.845067
12.900000 20.091700
12.904167 19.199850
12.908333 18.177763
12.912500 17.032938
12.916667 15.772201
12.920833 14.401705
12.925000 12.927101
12.929167 11.353740
12.933333 9.686844
12.937500 7.931751
12.941667 6.094448
12.945833 4.182521
12.950000 2.207926
12.954167 0.201084
12.958333 -1.741512
12.962500 -3.572377
12.966667 -5.484911
12.970833 -7.500289
12.975000 -9.540484
12.979167 -11.572010
12.983333 -13.580379
12.987500 -15.540486
12.991667 -17.371031
12.995833 -18.965490
13.000000 -20.376245
13.004167 -21.722024
13.008333 -23.047397
13.012500 -24.354262
13.016667 -25.637920
13.020833 -26.889240
13.025000 -28.085279
13.029167 -29.138708
13.033333 -29.805897
13.037500 -29.901809
13.041667 -29.653937
13.045833 -29.224662
13.050000 -28.639154
13.054167 -27.906240
13.058333 -27.033992
13.062500 -26.029836
13.066667 -24.900792
13.070833 -23.653606
13.075000 -22.294843
13.079167 -20.830885
13.083333 -19.268014
13.087500 -17.612847
13.091667 -15.872364
13.095833 -14.054241
13.100000 -12.167373
13.104167 -10.222830
13.108333 -8.235412
13.112500 -6.226764
13.116667 -4.233107
13.120833 -2.331395
13.125000 -0.623029
13.129167 1.516879
13.133333 5.347211
13.137500 10.089865
13.141667 14.859278
13.145833 19.217792
13.150000 22.402497
13.154167 23.968756
13.158333 24.765529
13.162500 25.317490
13.166667 25.701181
13.170833 25.949935
13.175000 26.088170
13.179167 26.130725
13.183333 26.081681
13.187500 25.939056
13.191667 25.701654
13.195833 25.369273
13.200000 24.941693
13.204167 24.418840
13.208333 23.800408
13.212500 23.086238
13.216667 22.276138
13.220833 21.369728
13.225000 20.366587
13.229167 19.266473
13.233333 18.068902
13.237500 16.773360
13.241667 15.379492
13.245833 13.886959
13.250000 12.295455
13.254167 10.604868
13.258333 8.815487
13.262500 6.928391
13.266667 4.946124
13.270833 2.874368
13.275000 0.726676
13.279167 -1.453772
13.283333 -3.511374
13.287500 -5.237549
13.291667 -6.773072
13.295833 -8.429166
13.300000 -10.203348
13.304167 -12.009458
13.308333 -13.810379
13.312500 -15.578486
13.316667 -17.267478
13.320833 -18.789117
13.325000 -20.313985
13.329167 -22.332546
13.333333 -24.518093
13.337500 -26.301008
13.341667 -27.259674
13.345833 -27.356414
13.350000 -26.997029
13.354167 -26.422300
13.358333 -25.689954
13.362500 -24.827877
13.366667 -23.856576
13.370833 -22.791831
13.375000 -21.646031
13.379167 -20.429155
13.383333 -19.149517
13.387500 -17.814220
13.391667 -16.429437
13.395833 -15.000669
13.400000 -13.533035
13.404167 -12.031594
13.408333 -10.501645
13.412500 -8.949272
13.416667 -7.382494
13.420833 -5.813965
13.425000 -4.273289
13.429167 -2.786357
13.433333 -0.838942
13.437500 2.464609
13.441667 6.429626
13.445833 10.424661
13.450000 14.335192
13.454167 18.087027
13.458333 21.421857
13.462500 23.690541
13.466667 24.569006
13.470833 24.920113
13.475000 25.239348
13.479167 25.559421
13.483333 25.870472
13.487500 26.160626
13.491667 26.399571
13.495833 26.514166
13.500000 26.426055
13.504167 26.135938
13.508333 25.667839
13.512500 25.037327
13.516667 24.257171
13.520833 23.338419
13.525000 22.290539
13.529167 21.122110
13.533333 19.840713
13.537500 18.453024
13.541667 16.965085
13.545833 15.382425
13.550000 13.710114
13.554167 11.952923
13.558333 10.115467
13.562500 8.202522
13.566667 6.219336
13.570833 4.172613
13.575000 2.072922
13.579167 -0.052486
13.583333 -2.099777
13.587500 -3.883403
13.591667 -5.403813
13.595833 -6.878586
13.600000 -8.378194
13.604167 -9.885906
13.608333 -11.392363
13.612500 -12.887582
13.616667 -14.335909
13.620833 -15.652024
13.625000 -16.823735
13.629167 -17.990957
13.633333 -19.151856
13.637500 -20.251370
13.641667 -21.259253
13.645833 -22.146325
13.650000 -22.872234
13.654167 -23.375904
13.658333 -23.600212
13.662500 -23.567712
13.666667 -23.363130
13.670833 -23.034205
13.675000 -22.597797
13.679167 -22.065410
13.683333 -21.446700
13.687500 -20.749843
13.691667 -19.981859
13.695833 -19.148888
13.700000 -18.256395
13.704167 -17.309300
13.708333 -16.312116
13.712500 -15.269227
13.716667 -14.184995
13.720833 -13.064055
13.725000 -11.911790
13.729167 -10.735359
13.733333 -9.546124
13.737500 -8.370458
13.741667 -7.199081
13.745833 -5.268664
13.750000 -1.253469
13.754167 4.053110
13.758333 9.550534
13.762500 14.770803
13.766667 19.202309
13.770833 22.133312
13.775000 23.577916
13.779167 24.400573
13.783333 25.050983
13.787500 25.589228
13.791667 26.023976
13.795833 26.359602
13.800000 26.598360
13.804167 26.740345
13.808333 26.774169
13.812500 26.666756
13.816667 26.389536
13.820833 25.939619
13.825000 25.325019
13.829167 24.553836
13.833333 23.633301
13.837500 22.570249
13.841667 21.370735
13.845833 20.040313
13.850000 18.583958
13.854167 17.006244
13.858333 15.311491
13.862500 13.503688
13.866667 11.586671
13.870833 9.564281
13.875000 7.440712
13.879167 5.221416
13.883333 2.915286
13.887500 0.547768
13.891667 -1.762018
13.895833 -3.696680
13.900000 -5.104039
13.904167 -6.386527
13.908333 -7.717457
13.912500 -9.071373
13.916667 -10.432926
13.920833 -11.794702
13.925000 -13.150238
13.929167 -14.491187
13.933333 -15.799153
13.937500 -17.025655
13.941667 -18.192433
13.945833 -19.433515
13.950000 -20.606465
13.954167 -21.577638
13.958333 -22.328567
13.962500 -22.863455
13.966667 -23.183988
13.970833 -23.285463
13.975000 -23.162668
13.979167 -22.836686
13.983333 -22.348031
13.987500 -21.732278
13.991667 -21.014387
13.995833 -20.212347
14.000000 -19.339588
14.004167 -18.406730
14.008333 -17.422373
14.012500 -16.393712
14.016667 -15.327145
14.020833 -14.228594
14.025000 -13.103977
14.029167 -11.959797
14.033333 -10.804214
14.037500 -9.649647
14.041667 -8.523394
14.045833 -7.356084
14.050000 -4.829351
14.054167 1.062168
14.058333 8.642988
14.062500 15.796659
14.066667 20.770716
14.070833 22.753362
14.075000 23.569030
14.079167 24.264489
14.083333 24.896434
14.087500 25.443174
14.091667 25.891257
14.095833 26.227974
14.100000 26.439897
14.104167 26.515113
14.108333 26.449985
14.112500 26.248327
14.116667 25.912580
14.120833 25.443341
14.125000 24.840940
14.129167 24.105932
14.133333 23.238775
14.137500 22.239749
14.141667 21.109166
14.145833 19.847563
14.150000 18.455370
14.154167 16.933134
14.158333 15.281645
14.162500 13.501828
14.166667 11.595264
14.170833 9.564490
14.175000 7.413439
14.179167 5.148842
14.183333 2.782971
14.187500 0.341083
14.191667 -2.108583
14.195833 -4.345049
14.200000 -6.024014
14.204167 -7.204386
14.208333 -8.338949
14.212500 -9.553998
14.216667 -10.802594
14.220833 -12.059542
14.225000 -13.302702
14.229167 -14.484047
14.233333 -15.598466
14.237500 -16.774536
14.241667 -18.016304
14.245833 -19.246793
14.250000 -20.421638
14.254167 -21.511681
14.258333 -22.471306
14.262500 -23.205701
14.266667 -23.584793
14.270833 -23.601907
14.275000 -23.404492
14.279167 -23.072983
14.283333 -22.622651
14.287500 -22.061041
14.291667 -21.394885
14.295833 -20.630358
14.300000 -19.773302
14.304167 -18.829176
14.308333 -17.803278
14.312500 -16.700822
14.316667 -15.527088
14.320833 -14.287763
14.325000 -12.989395
14.329167 -11.640170
14.333333 -10.251581
14.337500 -8.842701
14.341667 -7.456727
14.345833 -6.133678
14.350000 -4.248324
14.354167 -0.641671
14.358333 3.951644
14.362500 8.645593
14.366667 13.165272
14.370833 17.329451
14.375000 20.757310
14.379167 22.976156
14.383333 24.169919
14.387500 24.983378
14.391667 25.601588
14.395833 26.013415
14.400000 26.242947
14.404167 26.315249
14.408333 26.242865
14.412500 26.029533
14.416667 25.677837
14.420833 25.190823
14.425000 24.571494
14.429167 23.822752
14.433333 22.947410
14.437500 21.948128
14.441667 20.827307
14.445833 19.587170
14.450000 18.229852
14.454167 16.757463
14.458333 15.172001
14.462500 13.475606
14.466667 11.670399
14.470833 9.758806
14.475000 7.743792
14.479167 5.629515
14.483333 3.422747
14.487500 1.136673
14.491667 -1.190010
14.495833 -3.400151
14.500000 -5.151730
14.504167 -6.362268
14.508333 -7.484659
14.512500 -8.681579
14.516667 -9.910709
14.520833 -11.147832
14.525000 -12.377339
14.529167 -13.575117
14.533333 -14.668484
14.537500 -15.527679
14.541667 -16.191797
14.545833 -16.926878
14.550000 -17.771472
14.554167 -18.656826
14.558333 -19.541169
14.562500 -20.382587
14.566667 -21.090106
14.570833 -21.484255
14.575000 -21.454483
14.579167 -21.131313
14.583333 -20.627719
14.587500 -19.984927
14.591667 -19.227766
14.595833 -18.375008
14.600000 -17.441378
14.604167 -16.438990
14.608333 -15.378020
14.612500 -14.267525
14.616667 -13.115845
14.620833 -11.931158
14.625000 -10.722184
14.629167 -9.499111
14.633333 -8.275333
14.637500 -7.071604
14.641667 -5.930382
14.645833 -4.878771
14.650000 -3.294413
14.654167 -0.108692
14.658333 3.900390
14.662500 7.986451
14.666667 12.003423
14.670833 15.872020
14.675000 19.354073
14.679167 21.994335
14.683333 23.631689
14.687500 24.655126
14.691667 25.352139
14.695833 25.825542
14.700000 26.129576
14.704167 26.296297
14.708333 26.332013
14.712500 26.205965
14.716667 25.886133
14.720833 25.370857
14.725000 24.672350
14.729167 23.802524
14.733333 22.772160
14.737500 21.590695
14.741667 20.266708
14.745833 18.808096
14.750000 17.222002
14.754167 15.515050
14.758333 13.693656
14.762500 11.764021
14.766667 9.732714
14.770833 7.607252
14.775000 5.397309
14.779167 3.118405
14.783333 0.809562
14.787500 -1.391965
14.791667 -3.273628
14.795833 -4.892942
14.800000 -6.517841
14.804167 -8.194278
14.808333 -9.878162
14.812500 -11.548691
14.816667 -13.188358
14.820833 -14.763591
14.825000 -16.177149
14.829167 -17.311664
14.833333 -18.254254
14.837500 -19.174494
14.841667 -20.097580
14.845833 -20.998829
14.850000 -21.864693
14.854167 -22.682402
14.858333 -23.433656
14.862500 -24.086370
14.866667 -24.576200
14.870833 -24.817193
14.875000 -24.798500
14.879167 -24.600648
14.883333 -24.266881
14.887500 -23.803579
14.891667 -23.213077
14.895833 -22.497896
14.900000 -21.660574
14.904167 -20.703733
14.908333 -19.630181
14.912500 -18.443020
14.916667 -17.145761
14.920833 -15.742776
14.925000 -14.239549
14.929167 -12.643527
14.933333 -10.965506
14.937500 -9.222621
14.941667 -7.445683
14.945833 -5.704790
14.950000 -4.081146
14.954167 -1.823988
14.958333 2.529789
14.962500 8.105449
14.966667 13.758231
14.970833 18.834286
14.975000 22.429524
14.979167 24.194392
14.983333 25.120875
14.987500 25.784221
14.991667 26.261625
14.995833 26.580479
15.000000 26.761235
15.004167 26.811183
15.008333 26.716793
15.012500 26.459291
15.016667 26.031924
15.020833 25.434233
15.025000 24.666551
15.029167 23.729241
15.033333 22.622401
15.037500 21.345990
15.041667 19.900089
15.045833 18.284466
15.050000 16.499109
15.054167 14.544325
15.058333 12.420509
15.062500 10.128952
15.066667 7.672554
15.070833 5.057985
15.075000 2.301406
15.079167 -0.543445
15.083333 -3.258887
15.087500 -5.408359
15.091667 -6.916576
15.095833 -8.315403
15.100000 -9.786848
15.104167 -11.276015
15.108333 -12.736194
15.112500 -14.095665
15.116667 -15.407624
15.120833 -16.942538
15.125000 -18.604434
15.129167 -20.205369
15.133333 -21.676539
15.137500 -22.988210
15.141667 -24.108627
15.145833 -24.994550
15.150000 -25.585542
15.154167 -25.829379
15.158333 -25.750143
15.162500 -25.435516
15.166667 -24.946956
15.170833 -24.316643
15.175000 -23.567365
15.179167 -22.716837
15.183333 -21.779382
15.187500 -20.766965
15.191667 -19.689901
15.195833 -18.557434
15.200000 -17.378188
15.204167 -16.160772
15.208333 -14.914376
15.212500 -13.649800
15.216667 -12.381290
15.220833 -11.130937
15.225000 -9.943809
15.229167 -8.820205
15.233333 -6.822277
15.237500 -2.351711
15.241667 3.538387
15.245833 9.483940
15.250000 14.910595
15.254167 19.225706
15.258333 21.715463
15.262500 22.589555
15.266667 22.989773
15.270833 23.372919
15.275000 23.713371
15.279167 23.980759
15.283333 24.168223
15.287500 24.276885
15.291667 24.301886
15.295833 24.220445
15.300000 24.009105
15.304167 23.661705
15.308333 23.180382
15.312500 22.568001
15.316667 21.827361
15.320833 20.961166
15.325000 19.971879
15.329167 18.861764
15.333333 17.633161
15.337500 16.288366
15.341667 14.829565
15.345833 13.258983
15.350000 11.579151
15.354167 9.792937
15.358333 7.903994
15.362500 5.917461
15.366667 3.841571
15.370833 1.692123
15.375000 -0.486745
15.379167 -2.544891
15.383333 -4.291066
15.387500 -5.842392
15.391667 -7.424501
15.395833 -9.055034
15.400000 -10.693245
15.404167 -12.321636
15.408333 -13.925846
15.412500 -15.477916
15.416667 -16.889996
15.420833 -18.025837
15.425000 -18.925791
15.429167 -19.781842
15.433333 -20.604902
15.437500 -21.335267
15.441667 -21.929129
15.445833 -22.335841
15.450000 -22.508696
15.454167 -22.455681
15.458333 -22.230249
15.462500 -21.865500
15.466667 -21.375516
15.470833 -20.770926
15.475000 -20.061088
15.479167 -19.254341
15.483333 -18.358222
15.487500 -17.379753
15.491667 -16.325656
15.495833 -15.202422
15.500000 -14.016760
15.504167 -12.776106
15.508333 -11.489334
15.512500 -10.168401
15.516667 -8.832464
15.520833 -7.523506
15.525000 -6.273078
15.529167 -4.424645
15.533333 -0.794873
15.537500 3.844502
15.541667 8.600420
15.545833 13.213928
15.550000 17.520449
15.554167 21.132780
15.558333 23.393969
15.562500 24.271089
15.566667 24.726776
15.570833 25.181108
15.575000 25.604321
15.579167 25.957632
15.583333 26.221432
15.587500 26.383621
15.591667 26.428937
15.595833 26.330851
15.600000 26.068215
15.604167 25.638384
15.608333 25.046516
15.612500 24.298012
15.616667 23.397842
15.620833 22.350922
15.625000 21.161711
15.629167 19.834272
15.633333 18.372330
15.637500 16.779538
15.641667 15.059540
15.645833 13.215872
15.650000 11.252153
15.654167 9.172417
15.658333 6.981764
15.662500 4.687564
15.666667 2.303259
15.670833 -0.133088
15.675000 -2.477394
15.679167 -4.503161
15.683333 -6.329153
15.687500 -8.350221
15.691667 -10.543247
15.695833 -12.738798
15.700000 -14.751038
15.704167 -16.393071
15.708333 -17.826999
15.712500 -19.351352
15.716667 -20.895297
15.720833 -22.314107
15.725000 -23.533692
15.729167 -24.493741
15.733333 -25.127626
15.737500 -25.387675
15.741667 -25.309968
15.745833 -24.987569
15.750000 -24.479869
15.754167 -23.816081
15.758333 -23.017236
15.762500 -22.100510
15.766667 -21.080155
15.770833 -19.968211
15.775000 -18.775339
15.779167 -17.511122
15.783333 -16.184588
15.787500 -14.804661
15.791667 -13.380817
15.795833 -11.924074
15.800000 -10.448918
15.804167 -8.977880
15.808333 -7.558543
15.812500 -6.232563
15.816667 -4.352542
15.820833 -0.745055
15.825000 3.807368
15.829167 8.460417
15.833333 13.002073
15.837500 17.301997
15.841667 21.016946
15.845833 23.509342
15.850000 24.639052
15.854167 25.187612
15.858333 25.559084
15.862500 25.800454
15.866667 25.933034
15.870833 25.964353
15.875000 25.876582
15.879167 25.647283
15.883333 25.270863
15.887500 24.750227
15.891667 24.088967
15.895833 23.290531
15.900000 22.358138
15.904167 21.294745
15.908333 20.103224
15.912500 18.786223
15.916667 17.346404
15.920833 15.786300
15.925000 14.108433
15.929167 12.315461
15.933333 10.410325
15.937500 8.396630
15.941667 6.279238
15.945833 4.065762
15.950000 1.770810
15.954167 -0.564024
15.958333 -2.779292
15.962500 -4.571555
15.966667 -5.947200
15.970833 -7.354027
15.975000 -8.889864
15.979167 -10.473951
15.983333 -12.066091
15.987500 -13.638482
15.991667 -15.148403
15.995833 -16.488486
16.000000 -17.553268
16.004167 -18.499340
16.008333 -19.540673
16.012500 -20.631002
16.016667 -21.673896
16.020833 -22.614843
16.025000 -23.400094
16.029167 -23.953070
16.033333 -24.186202
16.037500 -24.084955
16.041667 -23.736883
16.045833 -23.223425
16.050000 -22.589752
16.054167 -21.863342
16.058333 -21.062701
16.062500 -20.201182
16.066667 -19.288785
16.070833 -18.333404
16.075000 -17.341515
16.079167 -16.318594
16.083333 -15.269522
16.087500 -14.198955
16.091667 -13.111624
16.095833 -12.012893
16.100000 -10.909707
16.104167 -9.812856
16.108333 -8.746595
16.112500 -7.660776
16.116667 -5.488492
16.120833 -0.629581
16.125000 5.505351
16.129167 11.479085
16.133333 16.564286
16.137500 19.976333
16.141667 21.750970
16.145833 22.770475
16.150000 23.363299
16.154167 23.640186
16.158333 23.713746
16.162500 23.620519
16.166667 23.358516
16.170833 22.925581
16.175000 22.324122
16.179167 21.556699
16.183333 20.625519
16.187500 19.532628
16.191667 18.279791
16.195833 16.868560
16.200000 15.300137
16.204167 13.575681
16.208333 11.696261
16.212500 9.662787
16.216667 7.476346
16.220833 5.139123
16.225000 2.656870
16.229167 0.054227
16.233333 -2.530187
16.237500 -4.699460
16.241667 -6.258976
16.245833 -7.739269
16.250000 -9.332400
16.254167 -10.971849
16.258333 -12.620373
16.262500 -14.252872
16.266667 -15.830406
16.270833 -17.254895
16.275000 -18.458984
16.279167 -19.645969
16.283333 -20.979177
16.287500 -22.331294
16.291667 -23.538086
16.295833 -24.445526
16.300000 -24.899173
16.304167 -24.918710
16.308333 -24.687692
16.312500 -24.299703
16.316667 -23.772169
16.320833 -23.113706
16.325000 -22.332009
16.329167 -21.434160
16.333333 -20.426890
16.337500 -19.316446
16.341667 -18.108753
16.345833 -16.809729
16.350000 -15.425211
16.354167 -13.961328
16.358333 -12.424786
16.362500 -10.823447
16.366667 -9.167360
16.370833 -7.470882
16.375000 -5.758029
16.379167 -4.082898
16.383333 -2.500682
16.387500 -0.290048
16.391667 3.949744
16.395833 9.440046
16.400000 15.013741
16.404167 19.915012
16.408333 23.154523
16.412500 24.437039
16.416667 24.964851
16.420833 25.391111
16.425000 25.762751
16.429167 26.069880
16.433333 26.303296
16.437500 26.450471
16.441667 26.482195
16.445833 26.343658
16.450000 25.995852
16.454167 25.440019
16.458333 24.692258
16.462500 23.768164
16.466667 22.680947
16.470833 21.442091
16.475000 20.061793
16.479167 18.548943
16.483333 16.911437
16.487500 15.156396
16.491667 13.290270
16.495833 11.319098
16.500000 9.248699
16.504167 7.085113
16.508333 4.835413
16.512500 2.509927
16.516667 0.134813
16.520833 -2.186716
16.525000 -4.269999
16.529167 -6.163976
16.533333 -8.169166
16.537500 -10.296552
16.541667 -12.459737
16.545833 -14.622639
16.550000 -16.759768
16.554167 -18.827878
16.558333 -20.714837
16.562500 -22.366306
16.566667 -23.993826
16.570833 -25.639821
16.575000 -27.232946
16.579167 -28.735520
16.583333 -30.123411
16.587500 -31.364184
16.591667 -32.404008
16.595833 -33.149227
16.600000 -33.498033
16.604167 -33.471856
16.608333 -33.203449
16.612500 -32.765222
16.616667 -32.177685
16.620833 -31.454165
16.625000 -30.606327
16.629167 -29.644404
16.633333 -28.577507
16.637500 -27.413827
16.641667 -26.160828
16.645833 -24.825542
16.650000 -23.414605
16.654167 -21.934347
16.658333 -20.391113
16.662500 -18.791436
16.666667 -17.142277
16.670833 -15.451503
16.675000 -13.728582
16.679167 -11.985882
16.683333 -10.241176
16.687500 -8.523773
16.691667 -6.895724
16.695833 -5.523655
16.700000 -4.694547
16.704167 -4.455428
