0.000000;
0.000000;
0.000000;
0.000000;
0.000000;
0.000000;
0.000000;
0.000000;
0.000000;
0.000000;
0.000000;
0.000000;
0.000000;
0.000000;
0.000000;
0.000000;
0.000000;
0.000000;
0.000000;
0.000000;
0.000000;
0.000000;
0.000000;
0.000000;
0.000000;
0.000000;
0.000000;
0.000000;
0.000000;
0.000000;
0.000000;
0.000000;
0.000000;
0.000000;
0.000000;
0.000000;
0.000000;
0.000000;
0.000000;
0.000000;
0.000000;
0.000000;
0.000000;
0.000000;
0.000000;
0.000000;
0.000000;
0.000000;
0.000000;
0.000000;
0.000000;
0.000000;
0.000000;
0.000000;
0.000000;
0.000000;
0.000000;
0.000000;
0.000000;
0.000000;
0.000000;
0.000000;
0.000000;
0.000000;
0.000000;
0.000000;
0.000000;
0.000000;
0.000000;
0.000000;
0.000000;
0.000000;
0.000000;
0.000000;
0.000000;
0.000000;
0.000000;
0.000000;
0.000000;
0.000000;
0.000000;
0.000000;
0.000000;
0.000000;
0.000000;
0.000000;
0.000000;
0.000000;
0.000000;
0.000000;
0.000000;
0.000000;
0.000000;
0.000000;
0.000000;
0.000000;
0.000000;
0.000000;
0.000000;
0.000000;
0.000000;
0.000000;
0.000000;
0.000000;
0.000000;
0.000000;
0.000000;
0.000000;
0.000000;
0.000000;
0.000000;
0.000000;
0.000000;
0.000000;
0.000000;
0.000000;
0.000000;
0.000000;
0.000000;
0.000000;
0.000000;
0.000000;
0.000000;
0.000000;
0.000000;
0.000000;
0.000000;
0.000000;
0.000000;
0.000000;
0.000000;
0.000000;
0.000000;
0.000000;
0.000000;
0.000000;
0.000000;
0.000000;
0.000000;
0.000000;
0.000000;
0.000000;
0.000000;
0.000000;
0.000000;
0.000000;
0.000000;
0.000000;
0.000000;
0.180570;
0.180846;
0.181301;
0.181932;
0.182737;
0.183713;
0.184856;
0.186164;
0.187635;
0.189265;
0.191052;
0.192993;
0.195087;
0.197330;
0.199721;
0.202257;
0.204937;
0.207757;
0.210715;
0.213811;
0.217041;
0.220403;
0.223896;
0.227518;
0.231266;
0.235139;
0.239134;
0.243249;
0.247484;
0.251834;
0.256299;
0.260876;
0.265563;
0.270356;
0.275254;
0.280254;
0.285352;
0.290546;
0.295831;
0.301202;
0.306654;
0.312182;
0.317777;
0.323430;
0.329129;
0.334857;
0.340593;
0.346304;
0.351943;
0.357429;
0.362613;
0.367154;
0.369761;
0.371677;
0.375006;
0.378822;
0.382870;
0.387015;
0.391154;
0.395166;
0.398822;
0.401156;
0.401132;
0.401055;
0.400922;
0.400730;
0.400472;
0.400144;
0.399742;
0.399258;
0.398690;
0.398030;
0.397275;
0.396421;
0.395467;
0.394411;
0.393257;
0.392011;
0.390682;
0.389283;
0.387828;
0.386336;
0.384825;
0.383312;
0.381813;
0.380342;
0.378910;
0.377525;
0.376192;
0.374915;
0.373697;
0.372537;
0.371435;
0.370391;
0.369402;
0.368466;
0.367582;
0.366746;
0.365958;
0.365213;
0.364512;
0.363850;
0.363227;
0.362641;
0.362089;
0.361570;
0.361083;
0.360625;
0.360196;
0.359794;
0.359418;
0.359067;
0.358739;
0.358435;
0.358152;
0.357890;
0.357648;
0.357425;
0.357220;
0.357033;
0.356864;
0.356711;
0.356573;
0.356451;
0.356344;
0.356251;
0.356172;
0.356106;
0.356052;
0.356012;
0.355983;
0.355966;
0.355961;
0.356566;
0.358297;
0.361036;
0.364681;
0.369133;
0.374306;
0.380118;
0.386494;
0.393360;
0.400646;
0.408285;
0.416209;
0.424354;
0.432651;
0.441031;
0.449424;
0.457755;
0.465942;
0.473899;
0.481529;
0.488723;
0.495359;
0.501292;
0.506351;
0.510329;
0.512966;
0.513936;
0.514253;
0.515041;
0.516149;
0.517486;
0.518995;
0.520637;
0.522381;
0.524207;
0.526096;
0.528037;
0.530017;
0.532027;
0.534059;
0.536107;
0.538164;
0.540225;
0.542285;
0.544341;
0.546387;
0.548421;
0.550439;
0.552437;
0.554413;
0.556364;
0.558286;
0.560176;
0.562032;
0.563852;
0.565631;
0.567368;
0.569059;
0.570702;
0.572293;
0.573829;
0.575307;
0.576724;
0.578077;
0.579360;
0.580572;
0.581707;
0.582761;
0.583730;
0.584609;
0.585392;
0.586074;
0.586649;
0.587109;
0.587449;
0.587659;
0.587731;
0.587999;
0.588844;
0.590339;
0.592574;
0.595652;
0.599695;
0.604847;
0.611271;
0.619134;
0.628592;
0.639724;
0.652439;
0.666357;
0.680762;
0.694741;
0.707484;
0.718510;
0.727666;
0.735029;
0.740777;
0.745107;
0.748216;
0.750272;
0.751420;
0.751780;
0.750619;
0.747190;
0.741562;
0.733794;
0.723959;
0.712113;
0.698332;
0.682686;
0.665244;
0.646096;
0.625329;
0.603053;
0.579406;
0.554556;
0.528742;
0.502307;
0.475803;
0.450222;
0.427728;
0.415357;
0.415759;
0.416989;
0.419085;
0.422076;
0.425981;
0.430809;
0.436540;
0.443131;
0.450501;
0.458528;
0.467044;
0.475840;
0.484673;
0.493280;
0.501403;
0.508805;
0.515289;
0.520705;
0.524956;
0.527988;
0.529793;
0.530388;
0.533498;
0.538306;
0.543614;
0.549163;
0.554829;
0.560527;
0.566158;
0.571541;
0.575626;
0.574624;
0.571605;
0.566599;
0.559719;
0.551152;
0.541153;
0.530016;
0.518048;
0.505541;
0.492755;
0.479911;
0.467181;
0.454699;
0.442561;
0.430835;
0.419564;
0.408775;
0.398481;
0.388684;
0.379381;
0.370564;
0.362221;
0.354339;
0.346901;
0.339893;
0.333298;
0.327101;
0.321287;
0.315839;
0.310743;
0.305986;
0.301555;
0.297435;
0.293616;
0.290085;
0.286833;
0.283847;
0.281120;
0.278640;
0.276399;
0.274389;
0.272602;
0.271031;
0.269667;
0.268505;
0.267537;
0.266757;
0.266161;
0.265741;
0.265493;
0.265411;
0.276009;
0.299984;
0.331686;
0.368556;
0.409171;
0.452611;
0.498242;
0.545537;
0.594016;
0.643080;
0.691565;
0.731765;
0.733886;
0.738628;
0.735763;
0.727882;
0.716013;
0.701109;
0.684024;
0.665506;
0.646193;
0.626617;
0.607213;
0.588336;
0.570267;
0.553226;
0.537382;
0.522864;
0.509764;
0.498151;
0.488066;
0.479538;
0.472577;
0.467185;
0.463354;
0.461071;
0.460312;
0.460529;
0.461176;
0.462249;
0.463743;
0.465650;
0.467960;
0.470663;
0.473743;
0.477183;
0.480963;
0.485058;
0.489440;
0.494073;
0.498919;
0.503930;
0.509052;
0.514223;
0.519369;
0.524407;
0.529240;
0.533757;
0.537832;
0.541320;
0.544056;
0.545853;
0.546504;
0.555378;
0.564858;
0.574304;
0.583573;
0.592428;
0.599398;
0.598647;
0.596419;
0.592780;
0.587838;
0.581738;
0.574653;
0.566771;
0.558284;
0.549375;
0.540210;
0.530936;
0.521676;
0.512528;
0.503572;
0.494867;
0.486458;
0.478376;
0.470643;
0.463271;
0.456267;
0.449634;
0.443368;
0.437466;
0.431922;
0.426726;
0.421871;
0.417347;
0.413144;
0.409253;
0.405663;
0.402365;
0.399350;
0.396606;
0.394127;
0.391902;
0.389924;
0.388185;
0.386675;
0.385388;
0.384317;
0.383455;
0.382795;
0.382331;
0.382057;
0.381966;
0.383780;
0.389110;
0.397793;
0.409695;
0.424673;
0.442597;
0.463306;
0.486605;
0.512135;
0.538981;
0.560780;
0.563141;
0.568908;
0.576666;
0.585373;
0.594140;
0.602057;
0.608040;
0.610530;
0.609672;
0.606741;
0.601117;
0.592264;
0.580310;
0.566579;
0.552959;
0.540682;
0.530119;
0.521185;
0.513666;
0.507342;
0.502022;
0.497552;
0.493808;
0.490687;
0.488112;
0.486014;
0.484338;
0.483041;
0.482082;
0.481429;
0.481056;
0.480935;
0.481619;
0.483592;
0.486724;
0.490855;
0.495799;
0.501320;
0.507127;
0.512842;
0.517963;
0.521805;
0.523381;
0.524380;
0.525373;
0.521408;
0.507431;
0.483751;
0.457084;
0.433063;
0.412966;
0.396362;
0.382585;
0.371078;
0.361420;
0.353284;
0.346432;
0.340673;
0.335857;
0.331867;
0.328603;
0.325988;
0.323957;
0.322452;
0.321423;
0.320830;
0.320640;
0.329639;
0.359605;
0.415981;
0.500549;
0.567105;
0.568890;
0.572437;
0.576744;
0.581437;
0.586284;
0.591073;
0.595462;
0.598199;
0.590859;
0.578473;
0.565182;
0.552047;
0.539470;
0.527625;
0.516590;
0.506399;
0.497057;
0.488562;
0.480899;
0.474054;
0.468008;
0.462740;
0.458235;
0.454471;
0.451432;
0.449095;
0.447447;
0.446470;
0.446147;
0.446520;
0.447592;
0.449309;
0.451612;
0.454445;
0.457751;
0.461473;
0.465546;
0.469901;
0.474457;
0.479113;
0.483743;
0.488172;
0.492139;
0.495215;
0.496571;
0.509614;
0.497564;
0.480750;
0.461607;
0.441830;
0.422429;
0.403942;
0.386624;
0.370571;
0.355792;
0.342252;
0.329897;
0.318659;
0.308471;
0.299268;
0.290986;
0.283568;
0.276959;
0.271112;
0.265979;
0.261520;
0.257696;
0.254472;
0.251814;
0.249699;
0.248092;
0.246972;
0.246317;
0.246102;
0.252351;
0.260302;
0.268563;
0.276933;
0.285331;
0.293714;
0.302056;
0.310336;
0.318539;
0.326652;
0.334663;
0.342558;
0.350327;
0.357955;
0.365429;
0.372734;
0.379853;
0.386766;
0.393449;
0.399878;
0.406019;
0.411834;
0.417277;
0.422285;
0.426781;
0.430662;
0.433780;
0.435919;
0.436744;
0.436922;
0.437409;
0.438151;
0.439107;
0.440240;
0.441524;
0.442933;
0.444447;
0.446051;
0.447728;
0.449466;
0.451252;
0.453077;
0.454931;
0.456806;
0.458693;
0.460587;
0.462480;
0.464365;
0.466238;
0.468092;
0.469923;
0.471726;
0.473495;
0.475226;
0.476915;
0.478558;
0.480149;
0.481684;
0.483161;
0.484574;
0.485919;
0.487192;
0.488389;
0.489506;
0.490538;
0.491481;
0.492332;
0.493085;
0.493735;
0.494278;
0.494710;
0.495025;
0.495218;
0.495284;
0.495713;
0.497041;
0.499349;
0.502726;
0.507275;
0.513110;
0.520364;
0.529181;
0.539735;
0.552210;
0.566821;
0.583792;
0.603356;
0.625741;
0.651108;
0.679513;
0.710799;
0.744499;
0.779764;
0.815401;
0.850072;
0.882559;
0.911997;
0.937926;
0.960250;
0.979091;
0.994704;
1.007391;
1.017454;
1.025184;
1.030839;
1.034647;
1.036806;
1.037494;
1.033297;
1.022102;
1.005451;
0.984435;
0.959849;
0.932357;
0.902546;
0.871018;
0.838588;
0.806866;
0.783929;
0.766037;
0.740518;
0.713378;
0.685785;
0.658291;
0.631279;
0.605106;
0.580172;
0.557033;
0.536561;
0.520393;
0.512743;
0.514542;
0.513894;
0.511782;
0.507894;
0.501841;
0.493149;
0.481334;
0.466060;
0.447531;
0.426894;
0.406064;
0.386811;
0.370070;
0.356022;
0.344462;
0.335062;
0.327500;
0.321496;
0.316815;
0.313269;
0.310698;
0.308983;
0.308018;
0.307710;
0.313286;
0.327416;
0.347590;
0.372291;
0.400475;
0.431379;
0.464367;
0.498806;
0.533897;
0.568075;
0.593229;
0.597392;
0.603881;
0.611032;
0.618431;
0.625763;
0.631723;
0.609939;
0.589746;
0.571097;
0.553798;
0.537728;
0.522803;
0.508961;
0.496155;
0.484346;
0.473503;
0.463602;
0.454621;
0.446542;
0.439353;
0.433039;
0.427591;
0.422995;
0.419248;
0.416344;
0.414273;
0.413033;
0.412619;
0.413928;
0.418218;
0.426192;
0.438702;
0.456480;
0.479316;
0.504213;
0.525168;
0.537684;
0.541496;
0.538839;
0.536182;
0.534436;
0.529152;
0.520438;
0.508717;
0.494690;
0.479223;
0.463175;
0.447267;
0.432025;
0.417783;
0.404726;
0.392932;
0.382406;
0.373119;
0.365015;
0.358029;
0.352093;
0.347137;
0.343094;
0.339904;
0.337510;
0.335857;
0.334897;
0.334584;
0.338639;
0.350947;
0.371893;
0.401789;
0.440822;
0.488257;
0.531902;
0.537873;
0.545885;
0.554406;
0.563186;
0.572100;
0.580785;
0.580218;
0.578672;
0.576384;
0.573581;
0.570463;
0.567194;
0.563905;
0.560692;
0.557627;
0.554758;
0.552118;
0.549727;
0.547597;
0.545734;
0.544137;
0.542803;
0.541728;
0.540906;
0.540328;
0.539987;
0.539875;
0.539261;
0.537647;
0.535272;
0.532303;
0.528858;
0.525033;
0.520921;
0.516631;
0.512363;
0.509150;
0.496106;
0.484841;
0.482498;
0.476327;
0.467360;
0.456368;
0.443950;
0.430576;
0.416623;
0.402398;
0.388152;
0.374096;
0.360406;
0.347230;
0.334695;
0.322912;
0.311972;
0.301958;
0.292941;
0.284983;
0.278137;
0.272454;
0.267973;
0.264733;
0.262768;
0.262107;
0.265782;
0.276223;
0.292661;
0.314401;
0.340829;
0.371302;
0.405077;
0.441060;
0.476960;
0.502128;
0.502702;
0.504050;
0.505873;
0.508024;
0.510416;
0.512990;
0.515706;
0.518526;
0.521418;
0.524334;
0.527184;
0.529416;
0.526904;
0.519889;
0.509440;
0.496797;
0.483122;
0.469342;
0.456111;
0.443841;
0.432761;
0.422983;
0.414536;
0.407401;
0.401536;
0.396880;
0.393374;
0.390945;
0.389535;
0.389075;
0.392294;
0.399699;
0.409539;
0.420980;
0.433542;
0.446918;
0.460896;
0.475317;
0.490060;
0.505026;
0.520134;
0.535311;
0.550492;
0.565617;
0.580628;
0.595466;
0.610072;
0.624385;
0.638335;
0.651849;
0.664842;
0.677212;
0.688842;
0.699585;
0.709257;
0.717616;
0.724330;
0.728929;
0.730693;
0.729283;
0.727208;
0.724943;
0.722578;
0.720150;
0.717681;
0.715183;
0.712667;
0.710142;
0.707618;
0.705113;
0.702663;
0.700559;
0.693426;
0.678535;
0.662264;
0.646621;
0.632037;
0.618522;
0.605983;
0.594313;
0.583412;
0.573194;
0.563587;
0.554527;
0.545963;
0.537848;
0.530145;
0.522820;
0.515844;
0.509190;
0.502837;
0.496764;
0.490953;
0.485389;
0.480057;
0.474943;
0.470037;
0.465326;
0.460802;
0.456456;
0.452278;
0.448261;
0.444399;
0.440684;
0.437111;
0.433674;
0.430367;
0.427185;
0.424125;
0.421181;
0.418350;
0.415628;
0.413010;
0.410494;
0.408076;
0.405754;
0.403524;
0.401384;
0.399330;
0.397362;
0.395475;
0.393669;
0.391940;
0.390287;
0.388708;
0.387201;
0.385764;
0.384395;
0.383093;
0.381857;
0.380684;
0.379573;
0.378523;
0.377533;
0.376601;
0.375726;
0.374906;
0.374141;
0.373430;
0.372772;
0.372164;
0.371607;
0.371099;
0.370640;
0.370228;
0.369863;
0.369544;
0.369270;
0.369040;
0.368854;
0.368710;
0.368608;
0.368547;
0.368527;
0.368558;
0.368648;
0.368796;
0.369000;
0.369258;
0.369567;
0.369928;
0.370336;
0.370792;
0.371293;
0.371837;
0.372423;
0.373050;
0.373714;
0.374416;
0.375153;
0.375924;
0.376726;
0.377559;
0.378421;
0.379309;
0.380222;
0.381158;
0.382116;
0.383092;
0.384086;
0.385095;
0.386116;
0.387147;
0.388185;
0.389228;
0.390272;
0.391313;
0.392349;
0.393374;
0.394385;
0.395374;
0.396337;
0.397266;
0.398152;
0.398986;
0.399755;
0.400445;
0.401037;
0.401506;
0.401821;
0.401939;
0.401891;
0.401758;
0.401553;
0.401284;
0.400962;
0.400592;
0.400182;
0.399735;
0.399258;
0.398753;
0.398225;
0.397676;
0.397110;
0.396529;
0.395936;
0.395333;
0.394722;
0.394105;
0.393484;
0.392861;
0.392237;
0.391614;
0.390994;
0.390379;
0.389769;
0.389166;
0.388573;
0.387989;
0.387418;
0.386860;
0.386317;
0.385791;
0.385283;
0.384795;
0.384329;
0.383886;
0.383468;
0.383078;
0.382717;
0.382389;
0.382094;
0.381836;
0.381618;
0.381442;
0.381312;
0.381231;
0.381203;
0.382185;
0.385206;
0.390370;
0.397747;
0.407350;
0.419112;
0.432863;
0.448308;
0.465034;
0.482521;
0.500195;
0.517481;
0.533866;
0.548929;
0.562373;
0.574007;
0.583742;
0.591562;
0.597498;
0.601622;
0.604023;
0.604802;
0.604393;
0.603203;
0.601285;
0.598682;
0.595433;
0.591572;
0.587123;
0.582116;
0.576569;
0.570499;
0.563919;
0.556839;
0.549262;
0.541185;
0.532597;
0.523473;
0.513920;
0.513736;
0.513172;
0.512198;
0.510793;
0.508936;
0.506617;
0.503844;
0.500654;
0.497140;
0.493467;
0.489906;
0.486831;
0.484688;
0.483899;
0.483221;
0.482118;
0.480873;
0.479554;
0.478188;
0.476792;
0.475376;
0.473948;
0.472514;
0.471081;
0.469655;
0.468246;
0.466865;
0.465536;
0.464313;
0.463480;
0.462053;
0.457908;
0.451421;
0.443128;
0.433604;
0.423365;
0.412817;
0.402253;
0.391870;
0.381791;
0.372090;
0.362807;
0.353957;
0.345543;
0.337558;
0.329989;
0.322823;
0.316042;
0.309629;
0.303567;
0.297838;
0.292428;
0.287321;
0.282502;
0.277957;
0.273675;
0.269642;
0.265848;
0.262282;
0.258935;
0.255797;
0.252859;
0.250113;
0.247552;
0.245168;
0.242956;
0.240907;
0.239017;
0.237280;
0.235690;
0.234243;
0.232933;
0.231757;
0.230709;
0.229787;
0.228985;
0.228300;
0.227729;
0.227269;
0.226916;
0.226667;
0.226521;
0.226472;
0.237317;
0.271114;
0.329288;
0.409727;
0.498851;
0.549664;
0.551878;
0.556127;
0.561241;
0.566834;
0.572706;
0.578714;
0.584710;
0.590435;
0.594587;
0.591806;
0.584966;
0.575689;
0.565029;
0.553671;
0.542074;
0.530544;
0.519288;
0.508443;
0.498104;
0.488331;
0.479164;
0.470627;
0.462730;
0.455477;
0.448868;
0.442896;
0.437552;
0.432827;
0.428706;
0.425180;
0.422233;
0.419853;
0.418025;
0.416736;
0.415971;
0.415718;
0.416058;
0.417107;
0.418920;
0.421556;
0.425081;
0.429563;
0.435084;
0.441721;
0.449558;
0.458683;
0.469170;
0.481075;
0.494421;
0.509164;
0.525161;
0.542127;
0.559602;
0.576948;
0.593401;
0.608189;
0.620671;
0.630424;
0.637276;
0.641259;
0.642539;
0.639081;
0.635090;
0.631099;
0.627203;
0.623479;
0.620037;
0.617102;
0.615469;
0.611504;
0.602316;
0.590531;
0.577558;
0.564159;
0.550757;
0.537587;
0.524782;
0.512413;
0.500515;
0.489105;
0.478182;
0.467741;
0.457771;
0.448259;
0.439190;
0.430548;
0.422318;
0.414485;
0.407033;
0.399948;
0.393217;
0.386826;
0.380763;
0.375017;
0.369575;
0.364428;
0.359564;
0.354975;
0.350652;
0.346586;
0.342768;
0.339191;
0.335848;
0.332732;
0.329835;
0.327153;
0.324678;
0.322404;
0.320327;
0.318441;
0.316741;
0.315223;
0.313881;
0.312712;
0.311710;
0.310873;
0.310196;
0.309676;
0.309308;
0.309090;
0.309017;
0.312101;
0.321126;
0.335804;
0.355862;
0.381024;
0.410949;
0.445102;
0.482177;
0.513073;
0.516366;
0.522217;
0.529081;
0.536560;
0.544484;
0.552811;
0.549717;
0.542481;
0.533238;
0.523219;
0.513110;
0.503289;
0.493960;
0.485229;
0.477141;
0.469713;
0.462940;
0.456809;
0.451300;
0.446388;
0.442048;
0.438258;
0.434992;
0.432225;
0.429939;
0.428109;
0.426717;
0.425744;
0.425173;
0.424984;
0.429440;
0.442964;
0.465391;
0.495361;
0.529628;
0.562641;
0.587201;
0.596524;
0.597812;
0.599758;
0.601872;
0.604039;
0.606182;
0.608196;
0.609600;
0.560790;
0.520323;
0.485162;
0.454228;
0.426897;
0.402751;
0.381477;
0.362842;
0.346648;
0.332744;
0.321000;
0.311285;
0.303514;
0.297600;
0.293457;
0.291014;
0.290209;
0.301484;
0.328386;
0.365245;
0.409116;
0.458132;
0.510651;
0.559920;
0.562222;
0.566894;
0.572714;
0.579253;
0.586301;
0.593739;
0.601490;
0.609505;
0.617750;
0.626203;
0.634859;
0.643744;
0.642167;
0.637293;
0.629085;
0.617864;
0.604358;
0.589566;
0.574515;
0.560031;
0.546654;
0.534666;
0.524167;
0.515150;
0.507545;
0.501259;
0.496187;
0.492231;
0.489293;
0.487285;
0.486133;
0.485762;
0.486829;
0.490106;
0.495740;
0.503857;
0.514545;
0.527790;
0.543335;
0.560318;
0.576358;
0.584798;
0.584526;
0.584271;
0.580409;
0.568855;
0.551011;
0.529522;
0.506935;
0.484911;
0.464268;
0.445307;
0.428063;
0.412458;
0.398367;
0.385661;
0.374214;
0.363906;
0.354640;
0.346319;
0.338864;
0.332205;
0.326278;
0.321027;
0.316405;
0.312364;
0.308869;
0.305883;
0.303375;
0.301314;
0.299676;
0.298437;
0.297574;
0.297072;
0.296906;
0.297382;
0.298742;
0.300897;
0.303766;
0.307279;
0.311372;
0.315986;
0.321067;
0.326566;
0.332436;
0.338634;
0.345119;
0.351851;
0.358792;
0.365907;
0.373157;
0.380509;
0.387925;
0.395371;
0.402809;
0.410202;
0.417510;
0.424694;
0.431709;
0.438510;
0.445046;
0.451263;
0.457102;
0.462494;
0.467364;
0.471627;
0.475182;
0.477913;
0.479679;
0.480312;
0.480345;
0.480430;
0.480553;
0.480705;
0.480879;
0.481071;
0.481279;
0.481499;
0.481729;
0.481968;
0.482215;
0.482468;
0.482727;
0.482990;
0.483257;
0.483527;
0.483799;
0.484073;
0.484349;
0.484625;
0.484902;
0.485178;
0.485454;
0.485728;
0.486001;
0.486271;
0.486538;
0.486802;
0.487061;
0.487315;
0.487563;
0.487804;
0.488038;
0.488262;
0.488474;
0.488674;
0.488859;
0.489025;
0.489169;
0.489284;
0.489363;
0.489393;
0.490897;
0.495249;
0.502232;
0.511652;
0.523313;
0.537037;
0.552654;
0.569998;
0.588913;
0.609244;
0.630843;
0.653560;
0.677251;
0.701767;
0.726962;
0.752686;
0.778786;
0.805102;
0.831471;
0.857716;
0.883655;
0.909086;
0.933796;
0.957548;
0.980081;
1.001100;
1.020273;
1.037219;
1.051489;
1.062558;
1.069791;
1.072408;
1.057858;
1.034175;
1.007371;
0.978801;
0.949037;
0.918383;
0.887020;
0.855053;
0.822536;
0.789426;
0.781029;
0.760090;
0.730795;
0.695728;
0.656750;
0.615374;
0.573025;
0.531305;
0.492415;
0.460199;
0.444216;
0.440748;
0.437280;
0.433461;
0.422880;
0.407159;
0.388072;
0.367256;
0.346030;
0.325355;
0.305872;
0.287972;
0.271873;
0.257667;
0.245373;
0.234964;
0.226374;
0.219529;
0.214354;
0.210757;
0.208660;
0.207974;
0.216295;
0.236447;
0.264277;
0.297514;
0.334727;
0.374898;
0.417179;
0.460747;
0.504524;
0.546401;
0.576012;
0.576355;
0.576849;
0.577372;
0.577896;
0.578398;
0.578844;
0.579112;
0.569492;
0.548465;
0.525268;
0.503643;
0.484513;
0.467892;
0.453558;
0.441244;
0.430708;
0.421740;
0.414167;
0.407833;
0.402617;
0.398409;
0.395118;
0.392667;
0.390985;
0.390013;
0.389697;
0.392188;
0.399737;
0.412189;
0.428826;
0.448109;
0.467623;
0.484431;
0.495781;
0.499804;
0.498754;
0.496901;
0.494729;
0.492362;
0.489834;
0.487967;
0.482508;
0.473930;
0.463025;
0.450719;
0.437885;
0.425208;
0.413157;
0.402013;
0.391919;
0.382928;
0.375034;
0.368208;
0.362393;
0.357535;
0.353570;
0.350442;
0.348096;
0.346476;
0.345537;
0.345232;
0.347624;
0.355022;
0.367838;
0.386545;
0.411608;
0.443433;
0.482055;
0.525667;
0.558473;
0.565376;
0.577061;
0.590033;
0.603179;
0.615677;
0.626375;
0.632106;
0.625422;
0.610418;
0.592502;
0.574428;
0.557389;
0.541845;
0.527921;
0.515598;
0.504800;
0.495429;
0.487382;
0.480563;
0.474878;
0.470245;
0.466591;
0.463847;
0.461950;
0.460849;
0.460489;
0.461466;
0.464455;
0.469513;
0.476641;
0.485736;
0.496544;
0.508618;
0.521278;
0.533635;
0.544674;
0.553402;
0.559001;
0.560939;
0.550293;
0.541944;
0.540016;
0.533764;
0.522738;
0.507295;
0.488893;
0.469610;
0.451198;
0.434618;
0.420189;
0.407876;
0.397510;
0.388875;
0.381767;
0.376005;
0.371427;
0.367899;
0.365306;
0.363552;
0.362548;
0.362227;
0.369893;
0.392020;
0.427639;
0.475777;
0.535387;
0.604577;
0.669039;
0.675234;
0.688912;
0.706254;
0.725036;
0.742907;
0.753754;
0.744304;
0.729681;
0.714183;
0.698719;
0.683631;
0.669078;
0.655144;
0.641871;
0.629287;
0.617404;
0.606225;
0.595756;
0.585992;
0.576934;
0.568576;
0.560915;
0.553945;
0.547662;
0.542061;
0.537135;
0.532881;
0.529295;
0.526370;
0.524103;
0.522488;
0.521522;
0.521200;
0.521116;
0.520871;
0.520479;
0.519949;
0.519293;
0.518519;
0.517636;
0.516652;
0.515573;
0.514406;
0.513159;
0.511835;
0.510441;
0.508981;
0.507461;
0.505885;
0.504257;
0.502582;
0.500862;
0.499103;
0.497307;
0.495478;
0.493619;
0.491733;
0.489823;
0.487894;
0.485946;
0.483984;
0.482010;
0.480027;
0.478038;
0.476045;
0.474051;
0.472058;
0.470071;
0.468090;
0.466119;
0.464161;
0.462218;
0.460294;
0.458390;
0.456509;
0.454656;
0.452832;
0.451041;
0.449286;
0.447570;
0.445897;
0.444270;
0.442693;
0.441169;
0.439702;
0.438298;
0.436960;
0.435692;
0.434500;
0.433389;
0.432364;
0.431432;
0.430599;
0.429870;
0.429255;
0.428760;
0.428395;
0.428168;
0.428090;
0.428168;
0.428354;
0.428608;
0.428909;
0.429247;
0.429613;
0.430002;
0.430410;
0.430834;
0.431272;
0.431723;
0.432184;
0.432655;
0.433134;
0.433621;
0.434115;
0.434615;
0.435121;
0.435632;
0.436147;
0.436667;
0.437190;
0.437717;
0.438247;
0.438779;
0.439313;
0.439849;
0.440387;
0.440925;
0.441464;
0.442001;
0.442537;
0.443070;
0.443598;
0.444118;
0.444623;
0.445096;
0.445442;
0.432531;
0.416298;
0.400813;
0.386563;
0.373659;
0.362116;
0.351913;
0.343024;
0.335413;
0.329052;
0.323908;
0.319950;
0.317154;
0.315491;
0.314942;
0.321639;
0.341051;
0.372277;
0.414281;
0.465734;
0.524519;
0.585911;
0.628918;
0.628649;
0.628124;
0.627487;
0.626792;
0.626066;
0.625327;
0.624596;
0.623896;
0.623276;
0.622910;
0.614843;
0.593533;
0.568071;
0.544304;
0.523651;
0.505998;
0.490928;
0.478027;
0.466958;
0.457450;
0.449285;
0.442292;
0.436331;
0.431284;
0.427054;
0.423563;
0.420740;
0.418530;
0.416882;
0.415749;
0.415093;
0.414880;
0.418623;
0.430198;
0.450085;
0.478312;
0.513835;
0.553233;
0.588439;
0.604522;
0.598520;
0.589438;
0.579280;
0.577879;
0.573685;
0.566783;
0.557391;
0.545861;
0.532659;
0.518328;
0.503428;
0.488481;
0.473937;
0.460150;
0.447376;
0.435784;
0.425477;
0.416495;
0.408848;
0.402514;
0.397452;
0.393614;
0.390942;
0.389382;
0.388874;
0.392778;
0.404358;
0.423513;
0.449960;
0.483169;
0.521439;
0.553032;
0.557738;
0.566781;
0.577481;
0.588799;
0.599987;
0.610031;
0.615879;
0.612251;
0.602309;
0.588271;
0.572424;
0.556357;
0.540938;
0.526559;
0.513353;
0.501327;
0.490432;
0.480592;
0.471729;
0.463769;
0.456635;
0.450264;
0.444596;
0.439578;
0.435164;
0.431308;
0.427975;
0.425129;
0.422741;
0.420779;
0.419222;
0.418045;
0.417227;
0.416748;
0.416591;
0.417743;
0.421184;
0.426921;
0.434923;
0.445138;
0.457474;
0.471791;
0.487860;
0.505338;
0.523698;
0.542110;
0.559241;
0.572844;
0.578842;
0.571714;
0.561887;
0.551750;
0.541881;
0.532752;
0.525113;
0.521113;
0.516826;
0.507667;
0.496500;
0.484551;
0.472404;
0.460354;
0.448558;
0.437098;
0.426018;
0.415335;
0.405055;
0.395176;
0.385690;
0.376587;
0.367856;
0.359485;
0.351460;
0.343771;
0.336404;
0.329349;
0.322594;
0.316128;
0.309941;
0.304024;
0.298368;
0.292963;
0.287802;
0.282876;
0.278178;
0.273702;
0.269440;
0.265385;
0.261533;
0.257876;
0.254411;
0.251130;
0.248030;
0.245106;
0.242352;
0.239765;
0.237340;
0.235074;
0.232962;
0.231000;
0.229187;
0.227517;
0.225989;
0.224597;
0.223340;
0.222215;
0.221219;
0.220349;
0.219603;
0.218977;
0.218471;
0.218080;
0.217805;
0.217641;
0.217586;
0.221739;
0.234370;
0.255858;
0.286602;
0.326850;
0.376658;
0.435316;
0.499337;
0.546256;
0.547678;
0.550297;
0.553346;
0.556576;
0.559851;
0.563067;
0.566117;
0.568860;
0.571049;
0.572091;
0.569165;
0.562518;
0.553968;
0.544445;
0.534487;
0.524430;
0.514493;
0.504826;
0.495536;
0.486697;
0.478365;
0.470578;
0.463367;
0.456753;
0.450749;
0.445367;
0.440615;
0.436498;
0.433014;
0.430170;
0.427960;
0.426386;
0.425443;
0.425128;
0.425056;
0.424844;
0.424499;
0.424027;
0.423435;
0.422729;
0.421917;
0.421004;
0.419997;
0.418903;
0.417729;
0.416483;
0.415173;
0.413808;
0.412397;
0.410952;
0.409484;
0.408008;
0.406541;
0.405104;
0.403721;
0.402425;
0.401261;
0.400287;
0.399593;
0.399316;
0.399614;
0.400038;
0.400495;
0.400969;
0.401453;
0.401942;
0.402434;
0.402926;
0.403415;
0.403897;
0.404358;
0.404724;
0.403814;
0.401294;
0.397480;
0.392674;
0.387146;
0.381125;
0.374801;
0.368321;
0.361804;
0.355338;
0.348989;
0.342806;
0.336826;
0.331073;
0.325564;
0.320309;
0.315316;
0.310586;
0.306119;
0.301915;
0.297969;
0.294277;
0.290835;
0.287637;
0.284675;
0.281947;
0.279443;
0.277160;
0.275091;
0.273229;
0.271569;
0.270106;
0.268833;
0.267746;
0.266839;
0.266107;
0.265546;
0.265151;
0.264917;
0.264839;
0.265676;
0.268262;
0.272825;
0.279604;
0.288882;
0.301042;
0.316569;
0.336080;
0.360437;
0.390845;
0.429064;
0.477660;
0.538897;
0.587839;
0.588417;
0.589614;
0.591120;
0.592821;
0.594660;
0.596601;
0.598623;
0.600707;
0.602839;
0.604996;
0.607014;
0.597240;
0.567182;
0.527904;
0.492240;
0.463531;
0.441058;
0.423576;
0.410054;
0.399728;
0.392029;
0.386514;
0.382870;
0.380827;
0.380178;
0.381489;
0.385594;
0.392812;
0.403438;
0.417687;
0.435513;
0.456196;
0.477580;
0.495172;
0.502448;
0.498220;
0.492074;
0.486322;
0.480763;
0.468581;
0.453685;
0.437955;
0.422334;
0.407309;
0.393132;
0.379924;
0.367737;
0.356586;
0.346458;
0.337327;
0.329168;
0.321942;
0.315617;
0.310154;
0.305519;
0.301677;
0.298602;
0.296257;
0.294615;
0.293648;
0.293329;
0.295235;
0.300783;
0.309738;
0.321898;
0.337111;
0.355222;
0.376121;
0.399705;
0.425890;
0.454588;
0.485597;
0.516046;
0.531905;
0.549730;
0.565024;
0.573159;
0.567861;
0.556131;
0.541722;
0.526493;
0.511392;
0.496909;
0.483297;
0.470675;
0.459094;
0.448563;
0.439069;
0.430582;
0.423073;
0.416506;
0.410837;
0.406034;
0.402060;
0.398877;
0.396456;
0.394762;
0.393766;
0.393437;
0.395130;
0.400853;
0.411923;
0.430239;
0.457780;
0.492304;
0.519436;
0.527973;
0.528669;
0.529518;
0.523717;
0.508714;
0.488512;
0.466366;
0.444287;
0.423322;
0.403940;
0.386300;
0.370409;
0.356199;
0.343574;
0.332428;
0.322655;
0.314154;
0.306835;
0.300609;
0.295408;
0.291154;
0.287787;
0.285250;
0.283495;
0.282471;
0.282137;
0.288632;
0.305796;
0.331171;
0.363135;
0.400557;
0.442559;
0.488476;
0.537718;
0.589665;
0.643308;
0.691524;
0.694483;
0.699058;
0.704149;
0.709528;
0.715103;
0.720827;
0.726676;
0.732652;
0.727539;
0.713283;
0.691949;
0.665874;
0.637261;
0.607938;
0.579263;
0.552159;
0.527203;
0.504720;
0.484858;
0.467658;
0.453081;
0.441052;
0.431470;
0.424215;
0.419177;
0.416242;
0.415281;
0.415667;
0.416637;
0.418006;
0.419655;
0.421500;
0.423472;
0.425504;
0.427524;
0.429427;
0.431033;
0.431854;
0.442782;
0.455110;
0.448515;
0.434650;
0.417726;
0.399542;
0.381032;
0.362736;
0.344990;
0.328013;
0.311954;
0.296914;
0.282964;
0.270154;
0.258518;
0.248081;
0.238860;
0.230867;
0.224103;
0.218575;
0.214280;
0.211217;
0.209383;
0.208770;
0.214504;
0.228610;
0.248324;
0.272143;
0.299125;
0.328628;
0.360184;
0.393397;
0.427864;
0.462938;
0.494199;
0.506035;
0.526050;
0.549433;
0.547532;
0.541152;
0.529815;
0.514639;
0.498134;
0.482443;
0.468509;
0.456479;
0.446196;
0.437433;
0.429972;
0.423625;
0.418239;
0.413686;
0.409864;
0.406686;
0.404081;
0.401987;
0.400360;
0.399152;
0.398324;
0.397851;
0.397696;
0.398576;
0.401028;
0.404815;
0.409747;
0.415666;
0.422437;
0.429944;
0.438089;
0.446779;
0.455935;
0.465480;
0.475345;
0.485463;
0.495766;
0.506191;
0.516672;
0.527138;
0.537518;
0.547733;
0.557694;
0.567302;
0.576440;
0.584968;
0.592712;
0.599453;
0.604895;
0.608633;
0.610064;
0.606668;
0.603346;
0.600100;
0.596951;
0.593945;
0.591197;
0.589319;
0.587840;
0.583269;
0.575597;
0.565141;
0.552531;
0.538555;
0.523967;
0.509363;
0.495147;
0.481561;
0.468728;
0.456695;
0.445464;
0.435012;
0.425302;
0.416292;
0.407937;
0.400197;
0.393029;
0.386394;
0.380258;
0.374589;
0.369358;
0.364535;
0.360098;
0.356023;
0.352288;
0.348878;
0.345772;
0.342954;
0.340411;
0.338128;
0.336094;
0.334296;
0.332723;
0.331366;
0.330215;
0.329261;
0.328497;
0.327915;
0.327506;
0.327266;
0.327187;
0.331919;
0.345416;
0.366730;
0.394834;
0.428593;
0.466510;
0.506308;
0.543523;
0.564775;
0.564422;
0.563827;
0.563152;
0.562439;
0.561708;
0.560971;
0.560241;
0.559530;
0.558859;
0.558269;
0.557921;
0.553940;
0.548283;
0.542373;
0.536469;
0.530669;
0.525025;
0.519566;
0.514313;
0.509282;
0.504484;
0.499928;
0.495626;
0.491584;
0.487812;
0.484318;
0.481110;
0.478197;
0.475586;
0.473289;
0.471315;
0.469673;
0.468374;
0.467431;
0.466856;
0.466661;
0.467131;
0.468431;
0.470422;
0.472988;
0.476029;
0.479458;
0.483195;
0.487170;
0.491318;
0.495578;
0.499888;
0.504193;
0.508433;
0.512550;
0.516484;
0.520169;
0.523538;
0.526517;
0.529021;
0.530956;
0.532213;
0.532665;
0.528081;
0.523506;
0.518943;
0.514395;
0.509878;
0.505526;
0.505046;
0.503530;
0.500867;
0.496957;
0.491735;
0.485195;
0.477415;
0.468565;
0.458904;
0.448737;
0.438371;
0.428073;
0.418049;
0.408439;
0.399327;
0.390756;
0.382738;
0.375266;
0.368323;
0.361882;
0.355918;
0.350400;
0.345302;
0.340595;
0.336256;
0.332259;
0.328584;
0.325210;
0.322119;
0.319293;
0.316716;
0.314377;
0.312258;
0.310351;
0.308642;
0.307123;
0.305782;
0.304612;
0.303604;
0.302750;
0.302045;
0.301480;
0.301050;
0.300750;
0.300574;
0.300515;
0.303546;
0.311821;
0.324427;
0.340637;
0.359903;
0.381731;
0.405674;
0.431253;
0.457798;
0.483958;
0.502927;
0.504321;
0.507657;
0.512221;
0.517627;
0.523638;
0.530084;
0.536835;
0.543772;
0.550776;
0.557697;
0.564306;
0.570136;
0.573508;
0.569451;
0.558069;
0.541026;
0.520328;
0.497883;
0.475213;
0.453382;
0.433053;
0.414590;
0.398161;
0.383803;
0.371490;
0.361139;
0.352662;
0.345947;
0.340896;
0.337408;
0.335377;
0.334718;
0.337188;
0.344446;
0.356154;
0.371810;
0.390696;
0.411871;
0.434141;
0.456085;
0.476101;
0.492462;
0.503450;
0.507447;
0.464561;
0.461019;
0.453236;
0.443463;
0.432771;
0.421746;
0.410740;
0.399979;
0.389611;
0.379736;
0.370426;
0.361730;
0.353682;
0.346306;
0.339620;
0.333633;
0.328351;
0.323778;
0.319918;
0.316766;
0.314321;
0.312580;
0.311540;
0.311192;
0.320165;
0.341443;
0.370406;
0.404734;
0.442959;
0.483986;
0.526525;
0.564015;
0.569058;
0.577657;
0.587311;
0.597244;
0.606906;
0.615523;
0.620589;
0.618474;
0.611899;
0.600898;
0.586207;
0.569178;
0.551320;
0.533848;
0.517515;
0.502679;
0.489446;
0.477788;
0.467612;
0.458804;
0.451243;
0.444819;
0.439423;
0.434966;
0.431361;
0.428542;
0.426438;
0.424998;
0.424163;
0.423894;
0.423946;
0.424091;
0.424315;
0.424605;
0.424954;
0.425353;
0.425796;
0.426280;
0.426799;
0.427349;
0.427929;
0.428534;
0.429161;
0.429810;
0.430477;
0.431160;
0.431857;
0.432567;
0.433286;
0.434013;
0.434745;
0.435479;
0.436211;
0.436939;
0.437655;
0.438351;
0.439015;
0.439625;
0.440134;
0.440399;
0.439777;
0.438971;
0.438127;
0.437267;
0.436401;
0.435533;
0.434666;
0.433804;
0.432948;
0.432102;
0.431266;
0.430445;
0.429641;
0.428858;
0.428103;
0.427382;
0.426710;
0.426108;
0.425619;
0.425376;
0.421570;
0.414608;
0.406510;
0.397871;
0.388959;
0.379917;
0.370832;
0.361763;
0.352749;
0.343817;
0.334988;
0.326278;
0.317701;
0.309265;
0.300978;
0.292847;
0.284877;
0.277072;
0.269437;
0.261974;
0.254686;
0.247577;
0.240647;
0.233900;
0.227336;
0.220957;
0.214765;
0.208762;
0.202947;
0.197323;
0.191891;
0.186651;
0.181606;
0.176755;
0.172100;
0.167641;
0.163381;
0.159319;
0.155456;
0.151794;
0.148333;
0.145075;
0.142020;
0.139169;
0.136523;
0.134082;
0.131850;
0.129825;
0.128008;
0.126402;
0.125006;
0.123822;
0.122852;
0.122094;
0.121553;
0.121227;
0.121117;
0.121117;
0.121117;
0.121117;
0.121117;
0.121117;
0.121117;
0.121117;
0.121117;
0.121117;
0.121117;
0.121117;
0.121117;
0.121117;
0.121117;
0.121117;
0.121117;
0.121117;
0.121117;
0.121117;
0.121117;
0.121117;
0.121117;
0.121117;
0.121117;
0.121117;
0.121117;
0.121117;
0.121117;
0.121117;
0.121117;
0.121117;
0.121117;
0.121117;
0.121117;
0.121117;
0.121117;
0.121117;
0.121117;
0.121117;
0.121117;
0.121117;
0.121117;
0.121117;
0.121117;
0.121117;
0.121117;
0.121117;
0.121117;
0.121117;
0.121117;
0.121117;
0.121117;
0.121117;
0.121117;
0.121117;
0.121117;
0.121117;
0.121117;
0.121117;
0.121117;
0.121117;
0.121117;
0.121117;
0.121117;
0.121117;
0.121117;
0.121117;
0.121117;
0.121117;
0.121117;
0.121117;
0.121117;
0.121117;
0.121117;
0.121117;
0.121117;
0.121117;
0.121117;
0.121117;
0.121117;
0.121117;
0.121117;
0.121117;
0.121117;
0.121117;
0.121117;
0.121117;
0.121117;
0.121117;
0.121117;
0.121117;
0.121117;
0.121117;
0.121117;
0.121117;
0.121117;
0.121117;
0.121117;
0.121117;
0.121117;
0.121117;
0.121117;
0.121117;
0.121117;
0.121117;
0.121117;
0.121117;
0.121117;
0.121117;
0.121117;
0.121117;
0.121117;
0.121117;
0.121117;
0.121117;
0.121117;
0.121117;
0.121117;
0.121117;
0.121117;
0.121117;
0.121117;
0.121117;
0.121117;
0.121117;
0.121117;
0.121117;
0.121117;
0.121117;
0.121117;
0.121117;
0.121117;
0.121117;
0.121117;
0.121117;
0.121117;
0.121117;
0.121117;
0.121117;
0.121117;
0.121117;
0.121117;
0.121117;
0.121117;
0.121117;
0.121117;
0.121117;
0.121117;
0.121117;
0.121117;
0.121117;
0.121117;
0.121117;
0.121117;
0.121117;
0.121117;
0.121117;
0.121117;
0.121117;
0.121117;
0.121117;
0.121117;
0.121117;
0.121117;
0.121117;
0.121117;
0.121117;
0.121117;
0.121117;
0.121117;
0.121117;
0.121117;
0.121117;
0.121117;
0.121117;
0.121117;
0.121117;
0.121117;
0.121117;
0.121117;
0.121117;
0.121117;
0.121117;
0.121117;
0.121117;
0.121117;
0.121117;
0.121117;
0.121117;
0.121117;
0.121117;
0.121117;
0.121117;
0.121117;
0.121117;
0.121117;
0.121117;
0.121117;
0.121117;
0.121117;
0.121117;
0.121117;
0.121117;
0.121117;
0.121117;
0.121117;
0.121117;
0.121117;
0.121117;
0.000000;
