0.004167 0.000000
0.008333 0.000000
0.012500 0.000000
0.016667 0.000000
0.020833 0.000000
0.025000 0.000000
0.029167 0.000000
0.033333 0.000000
0.037500 0.000000
0.041667 0.000000
0.045833 0.000000
0.050000 0.000000
0.054167 0.000000
0.058333 0.000000
0.062500 0.000000
0.066667 0.000000
0.070833 0.000000
0.075000 0.000000
0.079167 0.000000
0.083333 0.000000
0.087500 0.000000
0.091667 0.000000
0.095833 0.000000
0.100000 0.000000
0.104167 0.000000
0.108333 0.000000
0.112500 0.000000
0.116667 0.000000
0.120833 0.000000
0.125000 0.000000
0.129167 0.000000
0.133333 0.000000
0.137500 0.000000
0.141667 0.000000
0.145833 0.000000
0.150000 0.000000
0.154167 0.000000
0.158333 0.000000
0.162500 0.000000
0.166667 0.000000
0.170833 0.000000
0.175000 0.000000
0.179167 0.000000
0.183333 0.000000
0.187500 0.000000
0.191667 0.000000
0.195833 0.000000
0.200000 0.000000
0.204167 0.000000
0.208333 0.000000
0.212500 0.000000
0.216667 0.000000
0.220833 0.000000
0.225000 0.000000
0.229167 0.000000
0.233333 0.000000
0.237500 0.000000
0.241667 0.000000
0.245833 0.000000
0.250000 0.000000
0.254167 0.000000
0.258333 0.000000
0.262500 0.000000
0.266667 0.000000
0.270833 0.000000
0.275000 0.000000
0.279167 0.000000
0.283333 0.000000
0.287500 0.000000
0.291667 0.000000
0.295833 0.000000
0.300000 0.000000
0.304167 0.000000
0.308333 0.000000
0.312500 0.000000
0.316667 0.000000
0.320833 0.000000
0.325000 0.000000
0.329167 0.000000
0.333333 0.000000
0.337500 0.000000
0.341667 0.000000
0.345833 0.000000
0.350000 0.000000
0.354167 0.000000
0.358333 0.000000
0.362500 0.000000
0.366667 0.000000
0.370833 0.000000
0.375000 0.000000
0.379167 0.000000
0.383333 0.000000
0.387500 0.000000
0.391667 0.000000
0.395833 0.000000
0.400000 0.000000
0.404167 0.000000
0.408333 0.000000
0.412500 0.000000
0.416667 0.000000
0.420833 0.000000
0.425000 0.000000
0.429167 0.000000
0.433333 0.000000
0.437500 0.000000
0.441667 0.000000
0.445833 0.000000
0.450000 0.000000
0.454167 0.000000
0.458333 0.000000
0.462500 0.000000
0.466667 0.000000
0.470833 0.000000
0.475000 0.000000
0.479167 0.000000
0.483333 0.000000
0.487500 0.000000
0.491667 0.000000
0.495833 0.000000
0.500000 0.000000
0.504167 0.000000
0.508333 0.000000
0.512500 0.000000
0.516667 0.000000
0.520833 0.000000
0.525000 0.000000
0.529167 0.000000
0.533333 0.000000
0.537500 0.000000
0.541667 0.000000
0.545833 0.000000
0.550000 0.000000
0.554167 0.000000
0.558333 0.000000
0.562500 0.000000
0.566667 0.000000
0.570833 0.000000
0.575000 0.000000
0.579167 0.000000
0.583333 0.000000
0.587500 0.000000
0.591667 0.000000
0.595833 0.000000
0.600000 0.000000
0.604167 0.000000
0.608333 0.000000
0.612500 0.000000
0.616667 0.000000
0.620833 0.000000
0.625000 0.000000
0.629167 0.000000
0.633333 0.000000
0.637500 0.000000
0.641667 0.000000
0.645833 0.000000
0.650000 0.000000
0.654167 0.000000
0.658333 0.000000
0.662500 0.000000
0.666667 0.000000
0.670833 0.000000
0.675000 0.000000
0.679167 0.000000
0.683333 0.000000
0.687500 0.000000
0.691667 0.000000
0.695833 0.000000
0.700000 0.000000
0.704167 0.000000
0.708333 0.000000
0.712500 0.000000
0.716667 0.000000
0.720833 0.000000
0.725000 0.000000
0.729167 0.000000
0.733333 0.000000
0.737500 0.000000
0.741667 0.000000
0.745833 0.000000
0.750000 0.000000
0.754167 0.000000
0.758333 0.000000
0.762500 0.000000
0.766667 0.000000
0.770833 0.000000
0.775000 0.000000
0.779167 0.000000
0.783333 0.000000
0.787500 0.000000
0.791667 0.000000
0.795833 0.000000
0.800000 0.000000
0.804167 0.000000
0.808333 0.000000
0.812500 0.000000
0.816667 0.000000
0.820833 0.000000
0.825000 0.000000
0.829167 0.000000
0.833333 0.000000
0.837500 0.000000
0.841667 0.000000
0.845833 0.000000
0.850000 0.000000
0.854167 0.000000
0.858333 0.000000
0.862500 0.000000
0.866667 0.000000
0.870833 0.000000
0.875000 0.000000
0.879167 0.000000
0.883333 0.000000
0.887500 0.000000
0.891667 0.000000
0.895833 0.000000
0.900000 0.000000
0.904167 0.000000
0.908333 0.000000
0.912500 0.000000
0.916667 0.000000
0.920833 0.000000
0.925000 0.000000
0.929167 0.000000
0.933333 0.000000
0.937500 0.000000
0.941667 0.000000
0.945833 0.000000
0.950000 0.000000
0.954167 0.000000
0.958333 0.000000
0.962500 0.000000
0.966667 0.000000
0.970833 0.000000
0.975000 0.000000
0.979167 0.000000
0.983333 0.000000
0.987500 0.000000
0.991667 0.000000
0.995833 0.000000
1.000000 0.000000
1.004167 0.000000
1.008333 0.000000
1.012500 0.000000
1.016667 0.000000
1.020833 0.000000
1.025000 0.000000
1.029167 0.000000
1.033333 0.000000
1.037500 0.000000
1.041667 0.000000
1.045833 0.000000
1.050000 0.000000
1.054167 0.000000
1.058333 0.000000
1.062500 0.000000
1.066667 0.000000
1.070833 0.000000
1.075000 0.000000
1.079167 0.000000
1.083333 0.000000
1.087500 0.000000
1.091667 0.000000
1.095833 0.000000
1.100000 0.000000
1.104167 0.000000
1.108333 0.000000
1.112500 0.000000
1.116667 0.000000
1.120833 0.000000
1.125000 0.000000
1.129167 0.000000
1.133333 0.000000
1.137500 0.000000
1.141667 0.000000
1.145833 0.000000
1.150000 0.000000
1.154167 0.000000
1.158333 0.000000
1.162500 0.000000
1.166667 0.000000
1.170833 0.000000
1.175000 0.000000
1.179167 0.000000
1.183333 0.000000
1.187500 0.000000
1.191667 0.000000
1.195833 0.000000
1.200000 0.000000
1.204167 0.000000
1.208333 0.000000
1.212500 0.000000
1.216667 0.000000
1.220833 0.000000
1.225000 0.000000
1.229167 0.000000
1.233333 0.000000
1.237500 0.000000
1.241667 0.000000
1.245833 0.000000
1.250000 0.000000
1.254167 0.000000
1.258333 0.000000
1.262500 0.000000
1.266667 0.000000
1.270833 0.000000
1.275000 0.000000
1.279167 0.000000
1.283333 0.000000
1.287500 0.000000
1.291667 0.000000
1.295833 0.000000
1.300000 0.000000
1.304167 0.000000
1.308333 0.000000
1.312500 0.000000
1.316667 0.000000
1.320833 0.000000
1.325000 0.000000
1.329167 0.000000
1.333333 0.000000
1.337500 0.000000
1.341667 0.000000
1.345833 0.000000
1.350000 0.000000
1.354167 0.000000
1.358333 0.000000
1.362500 0.000000
1.366667 0.000000
1.370833 0.000000
1.375000 0.000000
1.379167 0.000000
1.383333 0.000000
1.387500 0.000000
1.391667 0.000000
1.395833 0.000000
1.400000 0.000000
1.404167 0.000000
1.408333 0.000000
1.412500 0.000000
1.416667 0.000000
1.420833 0.000000
1.425000 0.000000
1.429167 0.000000
1.433333 0.000000
1.437500 0.000000
1.441667 0.000000
1.445833 0.000000
1.450000 0.000000
1.454167 0.000000
1.458333 0.000000
1.462500 0.000000
1.466667 0.000000
1.470833 0.000000
1.475000 0.000000
1.479167 0.000000
1.483333 0.000000
1.487500 0.000000
1.491667 0.000000
1.495833 0.000000
1.500000 0.000000
1.504167 0.000000
1.508333 0.000000
1.512500 0.000000
1.516667 0.000000
1.520833 0.000000
1.525000 0.000000
1.529167 0.000000
1.533333 0.000000
1.537500 0.000000
1.541667 0.000000
1.545833 0.000000
1.550000 0.000000
1.554167 0.000000
1.558333 0.000000
1.562500 0.000000
1.566667 0.000000
1.570833 0.000000
1.575000 0.000000
1.579167 0.000000
1.583333 0.000000
1.587500 0.000000
1.591667 0.000000
1.595833 0.000000
1.600000 0.000000
1.604167 0.000000
1.608333 0.000000
1.612500 0.000000
1.616667 0.000000
1.620833 0.000000
1.625000 0.000000
1.629167 0.000000
1.633333 0.000000
1.637500 0.000000
1.641667 0.000000
1.645833 0.000000
1.650000 0.000000
1.654167 0.000000
1.658333 0.000000
1.662500 0.000000
1.666667 0.000000
1.670833 0.000000
1.675000 0.000000
1.679167 0.000000
1.683333 0.000000
1.687500 0.000000
1.691667 0.000000
1.695833 0.000000
1.700000 0.000000
1.704167 0.000000
1.708333 0.000000
1.712500 0.000000
1.716667 0.000000
1.720833 0.000000
1.725000 0.000000
1.729167 0.000000
1.733333 0.000000
1.737500 0.000000
1.741667 0.000000
1.745833 0.000000
1.750000 0.000000
1.754167 0.000000
1.758333 0.000000
1.762500 0.000000
1.766667 0.000000
1.770833 0.000000
1.775000 0.000000
1.779167 0.000000
1.783333 0.000000
1.787500 0.000000
1.791667 0.000000
1.795833 0.000000
1.800000 0.000000
1.804167 0.000000
1.808333 0.000000
1.812500 0.000000
1.816667 0.000000
1.820833 0.000000
1.825000 0.000000
1.829167 0.000000
1.833333 0.000000
1.837500 0.000000
1.841667 0.000000
1.845833 0.000000
1.850000 0.000000
1.854167 0.000000
1.858333 0.000000
1.862500 0.000000
1.866667 0.000000
1.870833 0.000000
1.875000 0.000000
1.879167 0.000000
1.883333 0.000000
1.887500 0.000000
1.891667 0.000000
1.895833 0.000000
1.900000 0.000000
1.904167 0.000000
1.908333 0.000000
1.912500 0.000000
1.916667 0.000000
1.920833 0.000000
1.925000 0.000000
1.929167 0.000000
1.933333 0.000000
1.937500 0.000000
1.941667 0.000000
1.945833 0.000000
1.950000 0.000000
1.954167 0.000000
1.958333 0.000000
1.962500 0.000000
1.966667 0.000000
1.970833 0.000000
1.975000 0.000000
1.979167 0.000000
1.983333 0.000000
1.987500 0.000000
1.991667 0.000000
1.995833 0.000000
2.000000 0.000000
2.004167 0.000000
2.008333 0.000000
2.012500 0.000000
2.016667 0.000000
2.020833 0.000000
2.025000 0.000000
2.029167 0.000000
2.033333 0.000000
2.037500 0.000000
2.041667 0.000000
2.045833 0.000000
2.050000 0.000000
2.054167 0.000000
2.058333 0.000000
2.062500 0.000000
2.066667 0.000000
2.070833 0.000000
2.075000 0.000000
2.079167 0.000000
2.083333 0.000000
2.087500 0.000000
2.091667 0.000000
2.095833 0.000000
2.100000 0.000000
2.104167 0.000000
2.108333 0.000000
2.112500 0.000000
2.116667 0.000000
2.120833 0.000000
2.125000 0.000000
2.129167 0.000000
2.133333 0.000000
2.137500 0.000000
2.141667 0.000000
2.145833 0.000000
2.150000 0.000000
2.154167 0.000000
2.158333 0.000000
2.162500 0.000000
2.166667 0.000000
2.170833 0.000000
2.175000 0.000000
2.179167 0.000000
2.183333 0.000000
2.187500 0.000000
2.191667 0.000000
2.195833 0.000000
2.200000 0.000000
2.204167 0.000000
2.208333 0.000000
2.212500 0.000000
2.216667 0.000000
2.220833 0.000000
2.225000 0.000000
2.229167 0.000000
2.233333 0.000000
2.237500 0.000000
2.241667 0.000000
2.245833 0.000000
2.250000 0.000000
2.254167 0.000000
2.258333 0.000000
2.262500 0.000000
2.266667 0.000000
2.270833 0.000000
2.275000 0.000000
2.279167 0.000000
2.283333 0.000000
2.287500 0.000000
2.291667 0.000000
2.295833 0.000000
2.300000 0.000000
2.304167 0.000000
2.308333 0.000000
2.312500 0.000000
2.316667 0.000000
2.320833 0.000000
2.325000 0.000000
2.329167 0.000000
2.333333 0.000000
2.337500 0.000000
2.341667 0.000000
2.345833 0.000000
2.350000 0.000000
2.354167 0.000000
2.358333 0.000000
2.362500 0.000000
2.366667 0.000000
2.370833 0.000000
2.375000 0.000000
2.379167 0.000000
2.383333 0.000000
2.387500 0.000000
2.391667 0.000000
2.395833 0.000000
2.400000 0.000000
2.404167 0.000000
2.408333 0.000000
2.412500 0.000000
2.416667 0.000000
2.420833 0.000000
2.425000 0.000000
2.429167 0.000000
2.433333 0.000000
2.437500 0.000000
2.441667 0.000000
2.445833 0.000000
2.450000 0.000000
2.454167 0.000000
2.458333 0.000000
2.462500 0.000000
2.466667 0.000000
2.470833 0.000000
2.475000 0.000000
2.479167 0.000000
2.483333 0.000000
2.487500 0.000000
2.491667 0.000000
2.495833 0.000000
2.500000 0.000000
2.504167 0.000000
2.508333 0.000000
2.512500 0.000000
2.516667 0.000000
2.520833 0.000000
2.525000 0.000000
2.529167 0.000000
2.533333 0.000000
2.537500 0.000000
2.541667 0.000000
2.545833 0.000000
2.550000 0.000000
2.554167 0.000000
2.558333 0.000000
2.562500 0.000000
2.566667 0.000000
2.570833 0.000000
2.575000 0.000000
2.579167 0.000000
2.583333 0.000000
2.587500 0.000000
2.591667 0.000000
2.595833 0.000000
2.600000 0.000000
2.604167 0.000000
2.608333 0.000000
2.612500 0.000000
2.616667 0.000000
2.620833 0.000000
2.625000 0.000000
2.629167 0.000000
2.633333 0.000000
2.637500 0.000000
2.641667 0.000000
2.645833 0.000000
2.650000 0.000000
2.654167 0.000000
2.658333 0.000000
2.662500 0.000000
2.666667 0.000000
2.670833 0.000000
2.675000 0.000000
2.679167 0.000000
2.683333 0.000000
2.687500 0.000000
2.691667 0.000000
2.695833 0.000000
2.700000 0.000000
2.704167 0.000000
2.708333 0.000000
2.712500 0.000000
2.716667 0.000000
2.720833 0.000000
2.725000 0.000000
2.729167 0.000000
2.733333 0.000000
2.737500 0.000000
2.741667 0.000000
2.745833 0.000000
2.750000 0.000000
2.754167 0.000000
2.758333 0.000000
2.762500 0.000000
2.766667 0.000000
2.770833 0.000000
2.775000 0.000000
2.779167 0.000000
2.783333 0.000000
2.787500 0.000000
2.791667 0.000000
2.795833 0.000000
2.800000 0.000000
2.804167 0.000000
2.808333 0.000000
2.812500 0.000000
2.816667 0.000000
2.820833 0.000000
2.825000 0.000000
2.829167 0.000000
2.833333 0.000000
2.837500 0.000000
2.841667 0.000000
2.845833 0.000000
2.850000 0.000000
2.854167 0.000000
2.858333 0.000000
2.862500 0.000000
2.866667 0.000000
2.870833 0.000000
2.875000 0.000000
2.879167 0.000000
2.883333 0.000000
2.887500 0.000000
2.891667 0.000000
2.895833 0.000000
2.900000 0.000000
2.904167 0.000000
2.908333 0.000000
2.912500 0.000000
2.916667 0.000000
2.920833 0.000000
2.925000 0.000000
2.929167 0.000000
2.933333 0.000000
2.937500 0.000000
2.941667 0.000000
2.945833 0.000000
2.950000 0.000000
2.954167 0.000000
2.958333 0.000000
2.962500 0.000000
2.966667 0.000000
2.970833 0.000000
2.975000 0.000000
2.979167 0.000000
2.983333 0.000000
2.987500 0.000000
2.991667 0.000000
2.995833 0.000000
3.000000 0.000000
3.004167 0.000000
3.008333 0.000000
3.012500 0.000000
3.016667 0.000000
3.020833 0.000000
3.025000 0.000000
3.029167 0.000000
3.033333 0.000000
3.037500 0.000000
3.041667 0.000000
3.045833 0.000000
3.050000 0.000000
3.054167 0.000000
3.058333 0.000000
3.062500 0.000000
3.066667 0.000000
3.070833 0.000000
3.075000 0.000000
3.079167 0.000000
3.083333 0.000000
3.087500 0.000000
3.091667 0.000000
3.095833 0.000000
3.100000 0.000000
3.104167 0.000000
3.108333 0.000000
3.112500 0.000000
3.116667 0.000000
3.120833 0.000000
3.125000 0.000000
3.129167 0.000000
3.133333 0.000000
3.137500 0.000000
3.141667 0.000000
3.145833 0.000000
3.150000 0.000000
3.154167 0.000000
3.158333 0.000000
3.162500 0.000000
3.166667 0.000000
3.170833 0.000000
3.175000 0.000000
3.179167 0.000000
3.183333 0.000000
3.187500 0.000000
3.191667 0.000000
3.195833 0.000000
3.200000 0.000000
3.204167 0.000000
3.208333 0.000000
3.212500 0.000000
3.216667 0.000000
3.220833 0.000000
3.225000 0.000000
3.229167 0.000000
3.233333 0.000000
3.237500 0.000000
3.241667 0.000000
3.245833 0.000000
3.250000 0.000000
3.254167 0.000000
3.258333 0.000000
3.262500 0.000000
3.266667 0.000000
3.270833 0.000000
3.275000 0.000000
3.279167 0.000000
3.283333 0.000000
3.287500 0.000000
3.291667 0.000000
3.295833 0.000000
3.300000 0.000000
3.304167 0.000000
3.308333 0.000000
3.312500 0.000000
3.316667 0.000000
3.320833 0.000000
3.325000 0.000000
3.329167 0.000000
3.333333 0.000000
3.337500 0.000000
3.341667 0.000000
3.345833 0.000000
3.350000 0.000000
3.354167 0.000000
3.358333 0.000000
3.362500 0.000000
3.366667 0.000000
3.370833 0.000000
3.375000 0.000000
3.379167 0.000000
3.383333 0.000000
3.387500 0.000000
3.391667 0.000000
3.395833 0.000000
3.400000 0.000000
3.404167 0.000000
3.408333 0.000000
3.412500 0.000000
3.416667 0.000000
3.420833 0.000000
3.425000 0.000000
3.429167 0.000000
3.433333 0.000000
3.437500 0.000000
3.441667 0.000000
3.445833 0.000000
3.450000 0.000000
3.454167 0.000000
3.458333 0.000000
3.462500 0.000000
3.466667 0.000000
3.470833 0.000000
3.475000 0.000000
3.479167 0.000000
3.483333 0.000000
3.487500 0.000000
3.491667 0.000000
3.495833 0.000000
3.500000 0.000000
3.504167 0.000000
3.508333 0.000000
3.512500 0.000000
3.516667 0.000000
3.520833 0.000000
3.525000 0.000000
3.529167 0.000000
3.533333 0.000000
3.537500 0.000000
3.541667 0.000000
3.545833 0.000000
3.550000 0.000000
3.554167 0.000000
3.558333 0.000000
3.562500 0.000000
3.566667 0.000000
3.570833 0.000000
3.575000 0.000000
3.579167 0.000000
3.583333 0.000000
3.587500 0.000000
3.591667 0.000000
3.595833 0.000000
3.600000 0.000000
3.604167 0.000000
3.608333 0.000000
3.612500 0.000000
3.616667 0.000000
3.620833 0.000000
3.625000 0.000000
3.629167 0.000000
3.633333 0.000000
3.637500 0.000000
3.641667 0.000000
3.645833 0.000000
3.650000 0.000000
3.654167 0.000000
3.658333 0.000000
3.662500 0.000000
3.666667 0.000000
3.670833 0.000000
3.675000 0.000000
3.679167 0.000000
3.683333 0.000000
3.687500 0.000000
3.691667 0.000000
3.695833 0.000000
3.700000 0.000000
3.704167 0.000000
3.708333 0.000000
3.712500 0.000000
3.716667 0.000000
3.720833 0.000000
3.725000 0.000000
3.729167 0.000000
3.733333 0.000000
3.737500 0.000000
3.741667 0.000000
3.745833 0.000000
3.750000 0.000000
3.754167 0.000000
3.758333 0.000000
3.762500 0.000000
3.766667 0.000000
3.770833 0.000000
3.775000 0.000000
3.779167 0.000000
3.783333 0.000000
3.787500 0.000000
3.791667 0.000000
3.795833 0.000000
3.800000 0.000000
3.804167 0.000000
3.808333 0.000000
3.812500 0.000000
3.816667 0.000000
3.820833 0.000000
3.825000 0.000000
3.829167 0.000000
3.833333 0.000000
3.837500 0.000000
3.841667 0.000000
3.845833 0.000000
3.850000 0.000000
3.854167 0.000000
3.858333 0.000000
3.862500 0.000000
3.866667 0.000000
3.870833 0.000000
3.875000 0.000000
3.879167 0.000000
3.883333 0.000000
3.887500 0.000000
3.891667 0.000000
3.895833 0.000000
3.900000 0.000000
3.904167 0.000000
3.908333 0.000000
3.912500 0.000000
3.916667 0.000000
3.920833 0.000000
3.925000 0.000000
3.929167 0.000000
3.933333 0.000000
3.937500 0.000000
3.941667 0.000000
3.945833 0.000000
3.950000 0.000000
3.954167 0.000000
3.958333 0.000000
3.962500 0.000000
3.966667 0.000000
3.970833 0.000000
3.975000 0.000000
3.979167 0.000000
3.983333 0.000000
3.987500 0.000000
3.991667 0.000000
3.995833 0.000000
4.000000 0.000000
4.004167 0.000000
4.008333 0.000000
4.012500 0.000000
4.016667 0.000000
4.020833 0.000000
4.025000 0.000000
4.029167 0.000000
4.033333 0.000000
4.037500 0.000000
4.041667 0.000000
4.045833 0.000000
4.050000 0.000000
4.054167 0.000000
4.058333 0.000000
4.062500 0.000000
4.066667 0.000000
4.070833 0.000000
4.075000 0.000000
4.079167 0.000000
4.083333 0.000000
4.087500 0.000000
4.091667 0.000000
4.095833 0.000000
4.100000 0.000000
4.104167 0.000000
4.108333 0.000000
4.112500 0.000000
4.116667 0.000000
4.120833 0.000000
4.125000 0.000000
4.129167 0.000000
4.133333 0.000000
4.137500 0.000000
4.141667 0.000000
4.145833 0.000000
4.150000 0.000000
4.154167 0.000000
4.158333 0.000000
4.162500 0.000000
4.166667 0.000000
4.170833 0.000000
4.175000 0.000000
4.179167 0.000000
4.183333 0.000000
4.187500 0.000000
4.191667 0.000000
4.195833 0.000000
4.200000 0.000000
4.204167 0.000000
4.208333 0.000000
4.212500 0.000000
4.216667 0.000000
4.220833 0.000000
4.225000 0.000000
4.229167 0.000000
4.233333 0.000000
4.237500 0.000000
4.241667 0.000000
4.245833 0.000000
4.250000 0.000000
4.254167 0.000000
4.258333 0.000000
4.262500 0.000000
4.266667 0.000000
4.270833 0.000000
4.275000 0.000000
4.279167 0.000000
4.283333 0.000000
4.287500 0.000000
4.291667 0.000000
4.295833 0.000000
4.300000 0.000000
4.304167 0.000000
4.308333 0.000000
4.312500 0.000000
4.316667 0.000000
4.320833 0.000000
4.325000 0.000000
4.329167 0.000000
4.333333 0.000000
4.337500 0.000000
4.341667 0.000000
4.345833 0.000000
4.350000 0.000000
4.354167 0.000000
4.358333 0.000000
4.362500 0.000000
4.366667 0.000000
4.370833 0.000000
4.375000 0.000000
4.379167 0.000000
4.383333 0.000000
4.387500 0.000000
4.391667 0.000000
4.395833 0.000000
4.400000 0.000000
4.404167 0.000000
4.408333 0.000000
4.412500 0.000000
4.416667 0.000000
4.420833 0.000000
4.425000 0.000000
4.429167 0.000000
4.433333 0.000000
4.437500 0.000000
4.441667 0.000000
4.445833 0.000000
4.450000 0.000000
4.454167 0.000000
4.458333 0.000000
4.462500 0.000000
4.466667 0.000000
4.470833 0.000000
4.475000 0.000000
4.479167 0.000000
4.483333 0.000000
4.487500 0.000000
4.491667 0.000000
4.495833 0.000000
4.500000 0.000000
4.504167 0.000000
4.508333 0.000000
4.512500 0.000000
4.516667 0.000000
4.520833 0.000000
4.525000 0.000000
4.529167 0.000000
4.533333 0.000000
4.537500 0.000000
4.541667 0.000000
4.545833 0.000000
4.550000 0.000000
4.554167 0.000000
4.558333 0.000000
4.562500 0.000000
4.566667 0.000000
4.570833 0.000000
4.575000 0.000000
4.579167 0.000000
4.583333 0.000000
4.587500 0.000000
4.591667 0.000000
4.595833 0.000000
4.600000 0.000000
4.604167 0.000000
4.608333 0.000000
4.612500 0.000000
4.616667 0.000000
4.620833 0.000000
4.625000 0.000000
4.629167 0.000000
4.633333 0.000000
4.637500 0.000000
4.641667 0.000000
4.645833 0.000000
4.650000 0.000000
4.654167 0.000000
4.658333 0.000000
4.662500 0.000000
4.666667 0.000000
4.670833 0.000000
4.675000 0.000000
4.679167 0.000000
4.683333 0.000000
4.687500 0.000000
4.691667 0.000000
4.695833 0.000000
4.700000 0.000000
4.704167 0.000000
4.708333 0.000000
4.712500 0.000000
4.716667 0.000000
4.720833 0.000000
4.725000 0.000000
4.729167 0.000000
4.733333 0.000000
4.737500 0.000000
4.741667 0.000000
4.745833 0.000000
4.750000 0.000000
4.754167 0.000000
4.758333 0.000000
4.762500 0.000000
4.766667 0.000000
4.770833 0.000000
4.775000 0.000000
4.779167 0.000000
4.783333 0.000000
4.787500 0.000000
4.791667 0.000000
4.795833 0.000000
4.800000 0.000000
4.804167 0.000000
4.808333 0.000000
4.812500 0.000000
4.816667 0.000000
4.820833 0.000000
4.825000 0.000000
4.829167 0.000000
4.833333 0.000000
4.837500 0.000000
4.841667 0.000000
4.845833 0.000000
4.850000 0.000000
4.854167 0.000000
4.858333 0.000000
4.862500 0.000000
4.866667 0.000000
4.870833 0.000000
4.875000 0.000000
4.879167 0.000000
4.883333 0.000000
4.887500 0.000000
4.891667 0.000000
4.895833 0.000000
4.900000 0.000000
4.904167 0.000000
4.908333 0.000000
4.912500 0.000000
4.916667 0.000000
4.920833 0.000000
4.925000 0.000000
4.929167 0.000000
4.933333 0.000000
4.937500 0.000000
4.941667 0.000000
4.945833 0.000000
4.950000 0.000000
4.954167 0.000000
4.958333 0.000000
4.962500 0.000000
4.966667 0.000000
4.970833 0.000000
4.975000 0.000000
4.979167 0.000000
4.983333 0.000000
4.987500 0.000000
4.991667 0.000000
4.995833 0.000000
5.000000 0.000000
5.004167 0.000000
5.008333 0.000000
5.012500 0.000000
5.016667 0.000000
5.020833 0.000000
5.025000 0.000000
5.029167 0.000000
5.033333 0.000000
5.037500 0.000000
5.041667 0.000000
5.045833 0.000000
5.050000 0.000000
5.054167 0.000000
5.058333 0.000000
5.062500 0.000000
5.066667 0.000000
5.070833 0.000000
5.075000 0.000000
5.079167 0.000000
5.083333 0.000000
5.087500 0.000000
5.091667 0.000000
5.095833 0.000000
5.100000 0.000000
5.104167 0.000000
5.108333 0.000000
5.112500 0.000000
5.116667 0.000000
5.120833 0.000000
5.125000 0.000000
5.129167 0.000000
5.133333 0.000000
5.137500 0.000000
5.141667 0.000000
5.145833 0.000000
5.150000 0.000000
5.154167 0.000000
5.158333 0.000000
5.162500 0.000000
5.166667 0.000000
5.170833 0.000000
5.175000 0.000000
5.179167 0.000000
5.183333 0.000000
5.187500 0.000000
5.191667 0.000000
5.195833 0.000000
5.200000 0.000000
5.204167 0.000000
5.208333 0.000000
5.212500 0.000000
5.216667 0.000000
5.220833 0.000000
5.225000 0.000000
5.229167 0.000000
5.233333 0.000000
5.237500 0.000000
5.241667 0.000000
5.245833 0.000000
5.250000 0.000000
5.254167 0.000000
5.258333 0.000000
5.262500 0.000000
5.266667 0.000000
5.270833 0.000000
5.275000 0.000000
5.279167 0.000000
5.283333 0.000000
5.287500 0.000000
5.291667 0.000000
5.295833 0.000000
5.300000 0.000000
5.304167 0.000000
5.308333 0.000000
5.312500 0.000000
5.316667 0.000000
5.320833 0.000000
5.325000 0.000000
5.329167 0.000000
5.333333 0.000000
5.337500 0.000000
5.341667 0.000000
5.345833 0.000000
5.350000 0.000000
5.354167 0.000000
5.358333 0.000000
5.362500 0.000000
5.366667 0.000000
5.370833 0.000000
5.375000 0.000000
5.379167 0.000000
5.383333 0.000000
5.387500 0.000000
5.391667 0.000000
5.395833 0.000000
5.400000 0.000000
5.404167 0.000000
5.408333 0.000000
5.412500 0.000000
5.416667 0.000000
5.420833 0.000000
5.425000 0.000000
5.429167 0.000000
5.433333 0.000000
5.437500 0.000000
5.441667 0.000000
5.445833 0.000000
5.450000 0.000000
5.454167 0.000000
5.458333 0.000000
5.462500 0.000000
5.466667 0.000000
5.470833 0.000000
5.475000 0.000000
5.479167 0.000000
5.483333 0.000000
5.487500 0.000000
5.491667 0.000000
5.495833 0.000000
5.500000 0.000000
5.504167 0.000000
5.508333 0.000000
5.512500 0.000000
5.516667 0.000000
5.520833 0.000000
5.525000 0.000000
5.529167 0.000000
5.533333 0.000000
5.537500 0.000000
5.541667 0.000000
5.545833 0.000000
5.550000 0.000000
5.554167 0.000000
5.558333 0.000000
5.562500 0.000000
5.566667 0.000000
5.570833 0.000000
5.575000 0.000000
5.579167 0.000000
5.583333 0.000000
5.587500 0.000000
5.591667 0.000000
5.595833 0.000000
5.600000 0.000000
5.604167 0.000000
5.608333 0.000000
5.612500 0.000000
5.616667 0.000000
5.620833 0.000000
5.625000 0.000000
5.629167 0.000000
5.633333 0.000000
5.637500 0.000000
5.641667 0.000000
5.645833 0.000000
5.650000 0.000000
5.654167 0.000000
5.658333 0.000000
5.662500 0.000000
5.666667 0.000000
5.670833 0.000000
5.675000 0.000000
5.679167 0.000000
5.683333 0.000000
5.687500 0.000000
5.691667 0.000000
5.695833 0.000000
5.700000 0.000000
5.704167 0.000000
5.708333 0.000000
5.712500 0.000000
5.716667 0.000000
5.720833 0.000000
5.725000 0.000000
5.729167 0.000000
5.733333 0.000000
5.737500 0.000000
5.741667 0.000000
5.745833 0.000000
5.750000 0.000000
5.754167 0.000000
5.758333 0.000000
5.762500 0.000000
5.766667 0.000000
5.770833 0.000000
5.775000 0.000000
5.779167 0.000000
5.783333 0.000000
5.787500 0.000000
5.791667 0.000000
5.795833 0.000000
5.800000 0.000000
5.804167 0.000000
5.808333 0.000000
5.812500 0.000000
5.816667 0.000000
5.820833 0.000000
5.825000 0.000000
5.829167 0.000000
5.833333 0.000000
5.837500 0.000000
5.841667 0.000000
5.845833 0.000000
5.850000 0.000000
5.854167 0.000000
5.858333 0.000000
5.862500 0.000000
5.866667 0.000000
5.870833 0.000000
5.875000 0.000000
5.879167 0.000000
5.883333 0.000000
5.887500 0.000000
5.891667 0.000000
5.895833 0.000000
5.900000 0.000000
5.904167 0.000000
5.908333 0.000000
5.912500 0.000000
5.916667 0.000000
5.920833 0.000000
5.925000 0.000000
5.929167 0.000000
5.933333 0.000000
5.937500 0.000000
5.941667 0.000000
5.945833 0.000000
5.950000 0.000000
5.954167 0.000000
5.958333 0.000000
5.962500 0.000000
5.966667 0.000000
5.970833 0.000000
5.975000 0.000000
5.979167 0.000000
5.983333 0.000000
5.987500 0.000000
5.991667 0.000000
5.995833 0.000000
6.000000 0.000000
6.004167 0.000000
6.008333 0.000000
6.012500 0.000000
6.016667 0.000000
6.020833 0.000000
6.025000 0.000000
6.029167 0.000000
6.033333 0.000000
6.037500 0.000000
6.041667 0.000000
6.045833 0.000000
6.050000 0.000000
6.054167 0.000000
6.058333 0.000000
6.062500 0.000000
6.066667 0.000000
6.070833 0.000000
6.075000 0.000000
6.079167 0.000000
6.083333 0.000000
6.087500 0.000000
6.091667 0.000000
6.095833 0.000000
6.100000 0.000000
6.104167 0.000000
6.108333 0.000000
6.112500 0.000000
6.116667 0.000000
6.120833 0.000000
6.125000 0.000000
6.129167 0.000000
6.133333 0.000000
6.137500 0.000000
6.141667 0.000000
6.145833 0.000000
6.150000 0.000000
6.154167 0.000000
6.158333 0.000000
6.162500 0.000000
6.166667 0.000000
6.170833 0.000000
6.175000 0.000000
6.179167 0.000000
6.183333 0.000000
6.187500 0.000000
6.191667 0.000000
6.195833 0.000000
6.200000 0.000000
6.204167 0.000000
6.208333 0.000000
6.212500 0.000000
6.216667 0.000000
6.220833 0.000000
6.225000 0.000000
6.229167 0.000000
6.233333 0.000000
6.237500 0.000000
6.241667 0.000000
6.245833 0.000000
6.250000 0.000000
6.254167 0.000000
6.258333 0.000000
6.262500 0.000000
6.266667 0.000000
6.270833 0.000000
6.275000 0.000000
6.279167 0.000000
6.283333 0.000000
6.287500 0.000000
6.291667 0.000000
6.295833 0.000000
6.300000 0.000000
6.304167 0.000000
6.308333 0.000000
6.312500 0.000000
6.316667 0.000000
6.320833 0.000000
6.325000 0.000000
6.329167 0.000000
6.333333 0.000000
6.337500 0.000000
6.341667 0.000000
6.345833 0.000000
6.350000 0.000000
6.354167 0.000000
6.358333 0.000000
6.362500 0.000000
6.366667 0.000000
6.370833 0.000000
6.375000 0.000000
6.379167 0.000000
6.383333 0.000000
6.387500 0.000000
6.391667 0.000000
6.395833 0.000000
6.400000 0.000000
6.404167 0.000000
6.408333 0.000000
6.412500 0.000000
6.416667 0.000000
6.420833 0.000000
6.425000 0.000000
6.429167 0.000000
6.433333 0.000000
6.437500 0.000000
6.441667 0.000000
6.445833 0.000000
6.450000 0.000000
6.454167 0.000000
6.458333 0.000000
6.462500 0.000000
6.466667 0.000000
6.470833 0.000000
6.475000 0.000000
6.479167 0.000000
6.483333 0.000000
6.487500 0.000000
6.491667 0.000000
6.495833 0.000000
6.500000 0.000000
6.504167 0.000000
6.508333 0.000000
6.512500 0.000000
6.516667 0.000000
6.520833 0.000000
6.525000 0.000000
6.529167 0.000000
6.533333 0.000000
6.537500 0.000000
6.541667 0.000000
6.545833 0.000000
6.550000 0.000000
6.554167 0.000000
6.558333 0.000000
6.562500 0.000000
6.566667 0.000000
6.570833 0.000000
6.575000 0.000000
6.579167 0.000000
6.583333 0.000000
6.587500 0.000000
6.591667 0.000000
6.595833 0.000000
6.600000 0.000000
6.604167 0.000000
6.608333 0.000000
6.612500 0.000000
6.616667 0.000000
6.620833 0.000000
6.625000 0.000000
6.629167 0.000000
6.633333 0.000000
6.637500 0.000000
6.641667 0.000000
6.645833 0.000000
6.650000 0.000000
6.654167 0.000000
6.658333 0.000000
6.662500 0.000000
6.666667 0.000000
6.670833 0.000000
6.675000 0.000000
6.679167 0.000000
6.683333 0.000000
6.687500 0.000000
6.691667 0.000000
6.695833 0.000000
6.700000 0.000000
6.704167 0.000000
6.708333 0.000000
6.712500 0.000000
6.716667 0.000000
6.720833 0.000000
6.725000 0.000000
6.729167 0.000000
6.733333 0.000000
6.737500 0.000000
6.741667 0.000000
6.745833 0.000000
6.750000 0.000000
6.754167 0.000000
6.758333 0.000000
6.762500 0.000000
6.766667 0.000000
6.770833 0.000000
6.775000 0.000000
6.779167 0.000000
6.783333 0.000000
6.787500 0.000000
6.791667 0.000000
6.795833 0.000000
6.800000 0.000000
6.804167 0.000000
6.808333 0.000000
6.812500 0.000000
6.816667 0.000000
6.820833 0.000000
6.825000 0.000000
6.829167 0.000000
6.833333 0.000000
6.837500 0.000000
6.841667 0.000000
6.845833 0.000000
6.850000 0.000000
6.854167 0.000000
6.858333 0.000000
6.862500 0.000000
6.866667 0.000000
6.870833 0.000000
6.875000 0.000000
6.879167 0.000000
6.883333 0.000000
6.887500 0.000000
6.891667 0.000000
6.895833 0.000000
6.900000 0.000000
6.904167 0.000000
6.908333 0.000000
6.912500 0.000000
6.916667 0.000000
6.920833 0.000000
6.925000 0.000000
6.929167 0.000000
6.933333 0.000000
6.937500 0.000000
6.941667 0.000000
6.945833 0.000000
6.950000 0.000000
6.954167 0.000000
6.958333 0.000000
6.962500 0.000000
6.966667 0.000000
6.970833 0.000000
6.975000 0.000000
6.979167 0.000000
6.983333 0.000000
6.987500 0.000000
6.991667 0.000000
6.995833 0.000000
7.000000 0.000000
7.004167 0.000000
7.008333 0.000000
7.012500 0.000000
7.016667 0.000000
7.020833 0.000000
7.025000 0.000000
7.029167 0.000000
7.033333 0.000000
7.037500 0.000000
7.041667 0.000000
7.045833 0.000000
7.050000 0.000000
7.054167 0.000000
7.058333 0.000000
7.062500 0.000000
7.066667 0.000000
7.070833 0.000000
7.075000 0.000000
7.079167 0.000000
7.083333 0.000000
7.087500 0.000000
7.091667 0.000000
7.095833 0.000000
7.100000 0.000000
7.104167 0.000000
7.108333 0.000000
7.112500 0.000000
7.116667 0.000000
7.120833 0.000000
7.125000 0.002305
7.129167 0.026291
7.133333 0.078378
7.137500 0.101220
7.141667 0.101835
7.145833 0.099971
7.150000 0.098056
7.154167 0.096150
7.158333 0.094286
7.162500 0.092489
7.166667 0.090776
7.170833 0.089158
7.175000 0.087645
7.179167 0.086244
7.183333 0.084961
7.187500 0.083800
7.191667 0.082765
7.195833 0.081861
7.200000 0.081089
7.204167 0.080453
7.208333 0.079955
7.212500 0.079596
7.216667 0.079381
7.220833 0.079318
7.225000 0.079433
7.229167 0.079748
7.233333 0.080265
7.237500 0.080983
7.241667 0.081898
7.245833 0.083006
7.250000 0.084304
7.254167 0.085790
7.258333 0.087462
7.262500 0.089318
7.266667 0.091356
7.270833 0.093576
7.275000 0.095974
7.279167 0.098547
7.283333 0.101273
7.287500 0.104039
7.291667 0.106614
7.295833 0.109010
7.300000 0.111497
7.304167 0.113956
7.308333 0.116226
7.312500 0.118266
7.316667 0.120065
7.320833 0.121622
7.325000 0.122936
7.329167 0.124010
7.333333 0.124844
7.337500 0.125438
7.341667 0.125796
7.345833 0.125934
7.350000 0.125901
7.354167 0.125744
7.358333 0.125476
7.362500 0.125097
7.366667 0.124604
7.370833 0.123992
7.375000 0.123260
7.379167 0.122403
7.383333 0.121418
7.387500 0.120300
7.391667 0.119044
7.395833 0.117647
7.400000 0.116104
7.404167 0.114409
7.408333 0.112556
7.412500 0.110542
7.416667 0.108360
7.420833 0.106008
7.425000 0.103488
7.429167 0.100811
7.433333 0.098039
7.437500 0.095441
7.441667 0.093667
7.445833 0.093016
7.450000 0.092714
7.454167 0.092311
7.458333 0.091782
7.462500 0.091147
7.466667 0.090428
7.470833 0.089647
7.475000 0.088822
7.479167 0.087975
7.483333 0.087122
7.487500 0.086283
7.491667 0.085471
7.495833 0.084703
7.500000 0.083991
7.504167 0.083347
7.508333 0.082782
7.512500 0.082305
7.516667 0.081923
7.520833 0.081645
7.525000 0.081476
7.529167 0.081445
7.533333 0.081617
7.537500 0.082052
7.541667 0.082765
7.545833 0.083750
7.550000 0.084999
7.554167 0.086505
7.558333 0.088262
7.562500 0.090262
7.566667 0.092497
7.570833 0.094954
7.575000 0.097615
7.579167 0.100425
7.583333 0.103221
7.587500 0.106094
7.591667 0.109892
7.595833 0.114843
7.600000 0.120146
7.604167 0.125189
7.608333 0.129731
7.612500 0.133645
7.616667 0.136835
7.620833 0.139214
7.625000 0.140708
7.629167 0.141356
7.633333 0.141452
7.637500 0.141328
7.641667 0.141101
7.645833 0.140777
7.650000 0.140352
7.654167 0.139823
7.658333 0.139185
7.662500 0.138435
7.666667 0.137566
7.670833 0.136576
7.675000 0.135458
7.679167 0.134208
7.683333 0.132822
7.687500 0.131294
7.691667 0.129622
7.695833 0.127802
7.700000 0.125834
7.704167 0.123721
7.708333 0.121472
7.712500 0.119105
7.716667 0.116653
7.720833 0.114175
7.725000 0.111775
7.729167 0.109633
7.733333 0.108025
7.737500 0.107032
7.741667 0.106068
7.745833 0.104436
7.750000 0.102063
7.754167 0.099166
7.758333 0.095950
7.762500 0.092580
7.766667 0.089182
7.770833 0.085855
7.775000 0.082670
7.779167 0.079682
7.783333 0.076929
7.787500 0.074438
7.791667 0.072227
7.795833 0.070308
7.800000 0.068686
7.804167 0.067365
7.808333 0.066342
7.812500 0.065618
7.816667 0.065186
7.820833 0.065053
7.825000 0.065238
7.829167 0.065754
7.833333 0.066593
7.837500 0.067739
7.841667 0.069176
7.845833 0.070888
7.850000 0.072860
7.854167 0.075077
7.858333 0.077522
7.862500 0.080174
7.866667 0.083007
7.870833 0.085977
7.875000 0.088985
7.879167 0.091781
7.883333 0.094298
7.887500 0.097201
7.891667 0.100732
7.895833 0.104460
7.900000 0.108073
7.904167 0.111468
7.908333 0.114593
7.912500 0.117413
7.916667 0.119896
7.920833 0.122010
7.925000 0.123721
7.929167 0.124993
7.933333 0.125790
7.937500 0.126126
7.941667 0.126134
7.945833 0.125967
7.950000 0.125677
7.954167 0.125268
7.958333 0.124737
7.962500 0.124081
7.966667 0.123300
7.970833 0.122391
7.975000 0.121354
7.979167 0.120187
7.983333 0.118892
7.987500 0.117470
7.991667 0.115925
7.995833 0.114265
8.000000 0.112500
8.004167 0.110648
8.008333 0.108739
8.012500 0.106817
8.016667 0.104959
8.020833 0.103291
8.025000 0.102030
8.029167 0.101345
8.033333 0.101047
8.037500 0.100744
8.041667 0.100294
8.045833 0.099704
8.050000 0.098998
8.054167 0.098199
8.058333 0.097327
8.062500 0.096402
8.066667 0.095440
8.070833 0.094460
8.075000 0.093478
8.079167 0.092508
8.083333 0.091564
8.087500 0.090660
8.091667 0.089809
8.095833 0.089021
8.100000 0.088308
8.104167 0.087681
8.108333 0.087149
8.112500 0.086721
8.116667 0.086406
8.120833 0.086216
8.125000 0.086197
8.129167 0.086465
8.133333 0.087122
8.137500 0.088185
8.141667 0.089630
8.145833 0.091432
8.150000 0.093562
8.154167 0.095985
8.158333 0.098662
8.162500 0.101534
8.166667 0.104514
8.170833 0.107431
8.175000 0.109910
8.179167 0.111492
8.183333 0.112330
8.187500 0.113037
8.191667 0.113774
8.195833 0.114473
8.200000 0.115096
8.204167 0.115625
8.208333 0.116049
8.212500 0.116359
8.216667 0.116549
8.220833 0.116617
8.225000 0.116567
8.229167 0.116409
8.233333 0.116149
8.237500 0.115791
8.241667 0.115339
8.245833 0.114798
8.250000 0.114170
8.254167 0.113461
8.258333 0.112674
8.262500 0.111814
8.266667 0.110887
8.270833 0.109896
8.275000 0.108849
8.279167 0.107751
8.283333 0.106610
8.287500 0.105434
8.291667 0.104235
8.295833 0.103024
8.300000 0.101818
8.304167 0.100636
8.308333 0.099507
8.312500 0.098471
8.316667 0.097589
8.320833 0.096944
8.325000 0.096517
8.329167 0.095997
8.333333 0.095077
8.337500 0.093760
8.341667 0.092165
8.345833 0.090387
8.350000 0.088495
8.354167 0.086543
8.358333 0.084577
8.362500 0.082632
8.366667 0.080739
8.370833 0.078925
8.375000 0.077216
8.379167 0.075633
8.383333 0.074198
8.387500 0.072931
8.391667 0.071852
8.395833 0.070980
8.400000 0.070334
8.404167 0.069933
8.408333 0.069781
8.412500 0.069851
8.416667 0.070106
8.420833 0.070534
8.425000 0.071136
8.429167 0.071911
8.433333 0.072861
8.437500 0.073988
8.441667 0.075291
8.445833 0.076773
8.450000 0.078432
8.454167 0.080266
8.458333 0.082271
8.462500 0.084429
8.466667 0.086688
8.470833 0.088929
8.475000 0.091593
8.479167 0.095909
8.483333 0.101544
8.487500 0.107427
8.491667 0.113036
8.495833 0.118197
8.500000 0.122815
8.504167 0.126809
8.508333 0.130094
8.512500 0.132576
8.516667 0.134157
8.520833 0.134843
8.525000 0.134911
8.529167 0.134697
8.533333 0.134326
8.537500 0.133816
8.541667 0.133170
8.545833 0.132393
8.550000 0.131490
8.554167 0.130467
8.558333 0.129327
8.562500 0.128076
8.566667 0.126721
8.570833 0.125267
8.575000 0.123721
8.579167 0.122091
8.583333 0.120386
8.587500 0.118616
8.591667 0.116797
8.595833 0.114945
8.600000 0.113085
8.604167 0.111251
8.608333 0.109499
8.612500 0.107926
8.616667 0.106707
8.620833 0.105940
8.625000 0.105286
8.629167 0.104262
8.633333 0.102793
8.637500 0.100997
8.641667 0.098980
8.645833 0.096824
8.650000 0.094591
8.654167 0.092335
8.658333 0.090098
8.662500 0.087919
8.666667 0.085830
8.670833 0.083860
8.675000 0.082037
8.679167 0.080385
8.683333 0.078928
8.687500 0.077689
8.691667 0.076689
8.695833 0.075951
8.700000 0.075494
8.704167 0.075334
8.708333 0.075473
8.712500 0.075901
8.716667 0.076613
8.720833 0.077608
8.725000 0.078883
8.729167 0.080438
8.733333 0.082269
8.737500 0.084372
8.741667 0.086741
8.745833 0.089365
8.750000 0.092225
8.754167 0.095281
8.758333 0.098426
8.762500 0.101347
8.766667 0.103704
8.770833 0.105784
8.775000 0.107938
8.779167 0.110044
8.783333 0.111955
8.787500 0.113638
8.791667 0.115088
8.795833 0.116307
8.800000 0.117296
8.804167 0.118061
8.808333 0.118603
8.812500 0.118928
8.816667 0.119044
8.820833 0.118977
8.825000 0.118746
8.829167 0.118360
8.833333 0.117816
8.837500 0.117112
8.841667 0.116248
8.845833 0.115221
8.850000 0.114030
8.854167 0.112675
8.858333 0.111153
8.862500 0.109466
8.866667 0.107613
8.870833 0.105595
8.875000 0.103416
8.879167 0.101079
8.883333 0.098592
8.887500 0.095967
8.891667 0.093221
8.895833 0.090384
8.900000 0.087503
8.904167 0.084663
8.908333 0.082026
8.912500 0.079934
8.916667 0.078831
8.920833 0.078738
8.925000 0.079177
8.929167 0.079852
8.933333 0.080663
8.937500 0.081544
8.941667 0.082447
8.945833 0.083335
8.950000 0.084184
8.954167 0.084978
8.958333 0.085706
8.962500 0.086363
8.966667 0.086946
8.970833 0.087455
8.975000 0.087889
8.979167 0.088250
8.983333 0.088540
8.987500 0.088762
8.991667 0.088917
8.995833 0.089013
9.000000 0.089104
9.004167 0.089338
9.008333 0.089853
9.012500 0.090687
9.016667 0.091828
9.020833 0.093262
9.025000 0.094974
9.029167 0.096951
9.033333 0.099181
9.037500 0.101648
9.041667 0.104338
9.045833 0.107230
9.050000 0.110289
9.054167 0.113437
9.058333 0.116355
9.062500 0.118080
9.066667 0.117828
9.070833 0.116631
9.075000 0.115339
9.079167 0.114133
9.083333 0.113049
9.087500 0.112103
9.091667 0.111306
9.095833 0.110669
9.100000 0.110201
9.104167 0.109910
9.108333 0.109768
9.112500 0.109676
9.116667 0.109529
9.120833 0.109290
9.125000 0.108958
9.129167 0.108534
9.133333 0.108021
9.137500 0.107418
9.141667 0.106728
9.145833 0.105952
9.150000 0.105091
9.154167 0.104146
9.158333 0.103118
9.162500 0.102010
9.166667 0.100821
9.170833 0.099553
9.175000 0.098208
9.179167 0.096788
9.183333 0.095295
9.187500 0.093732
9.191667 0.092105
9.195833 0.090422
9.200000 0.088698
9.204167 0.086977
9.208333 0.085408
9.212500 0.084305
9.216667 0.083732
9.220833 0.083240
9.225000 0.082650
9.229167 0.082000
9.233333 0.081323
9.237500 0.080636
9.241667 0.079950
9.245833 0.079273
9.250000 0.078611
9.254167 0.077968
9.258333 0.077351
9.262500 0.076762
9.266667 0.076205
9.270833 0.075686
9.275000 0.075207
9.279167 0.074774
9.283333 0.074390
9.287500 0.074062
9.291667 0.073795
9.295833 0.073595
9.300000 0.073471
9.304167 0.073449
9.308333 0.073582
9.312500 0.073925
9.316667 0.074495
9.320833 0.075297
9.325000 0.076334
9.329167 0.077609
9.333333 0.079124
9.337500 0.080880
9.341667 0.082878
9.345833 0.085115
9.350000 0.087575
9.354167 0.090201
9.358333 0.092758
9.362500 0.094811
9.366667 0.096364
9.370833 0.097975
9.375000 0.099716
9.379167 0.101444
9.383333 0.103092
9.387500 0.104628
9.391667 0.106027
9.395833 0.107269
9.400000 0.108335
9.404167 0.109205
9.408333 0.109857
9.412500 0.110268
9.416667 0.110440
9.420833 0.110437
9.425000 0.110333
9.429167 0.110155
9.433333 0.109906
9.437500 0.109585
9.441667 0.109192
9.445833 0.108725
9.450000 0.108185
9.454167 0.107571
9.458333 0.106883
9.462500 0.106121
9.466667 0.105284
9.470833 0.104373
9.475000 0.103387
9.479167 0.102328
9.483333 0.101196
9.487500 0.099996
9.491667 0.098730
9.495833 0.097411
9.500000 0.096055
9.504167 0.094713
9.508333 0.093539
9.512500 0.092870
9.516667 0.092932
9.520833 0.093492
9.525000 0.094324
9.529167 0.095326
9.533333 0.096435
9.537500 0.097606
9.541667 0.098801
9.545833 0.099994
9.550000 0.101163
9.554167 0.102289
9.558333 0.103358
9.562500 0.104359
9.566667 0.105280
9.570833 0.106114
9.575000 0.106853
9.579167 0.107491
9.583333 0.108022
9.587500 0.108441
9.591667 0.108745
9.595833 0.108934
9.600000 0.109060
9.604167 0.109279
9.608333 0.109741
9.612500 0.110490
9.616667 0.111521
9.620833 0.112820
9.625000 0.114374
9.629167 0.116171
9.633333 0.118192
9.637500 0.120420
9.641667 0.122830
9.645833 0.125390
9.650000 0.128055
9.654167 0.130746
9.658333 0.133316
9.662500 0.135396
9.666667 0.136144
9.670833 0.135036
9.675000 0.133125
9.679167 0.131168
9.683333 0.129301
9.687500 0.127540
9.691667 0.125892
9.695833 0.124362
9.700000 0.122956
9.704167 0.121680
9.708333 0.120542
9.712500 0.119549
9.716667 0.118710
9.720833 0.118036
9.725000 0.117537
9.729167 0.117225
9.733333 0.117070
9.737500 0.116960
9.741667 0.116780
9.745833 0.116497
9.750000 0.116113
9.754167 0.115639
9.758333 0.115079
9.762500 0.114442
9.766667 0.113734
9.770833 0.112960
9.775000 0.112127
9.779167 0.111242
9.783333 0.110312
9.787500 0.109344
9.791667 0.108347
9.795833 0.107334
9.800000 0.106322
9.804167 0.105337
9.808333 0.104428
9.812500 0.103681
9.816667 0.103024
9.820833 0.101951
9.825000 0.100085
9.829167 0.097594
9.833333 0.094755
9.837500 0.091741
9.841667 0.088660
9.845833 0.085589
9.850000 0.082587
9.854167 0.079700
9.858333 0.076969
9.862500 0.074430
9.866667 0.072117
9.870833 0.070064
9.875000 0.068304
9.879167 0.066870
9.883333 0.065801
9.887500 0.065130
9.891667 0.064857
9.895833 0.064900
9.900000 0.065157
9.904167 0.065593
9.908333 0.066205
9.912500 0.066995
9.916667 0.067966
9.920833 0.069119
9.925000 0.070455
9.929167 0.071977
9.933333 0.073685
9.937500 0.075580
9.941667 0.077661
9.945833 0.079920
9.950000 0.082343
9.954167 0.084868
9.958333 0.087283
9.962500 0.089315
9.966667 0.091292
9.970833 0.093854
9.975000 0.096852
9.979167 0.099928
9.983333 0.102892
9.987500 0.105631
9.991667 0.108057
9.995833 0.110090
10.000000 0.111650
10.004167 0.112656
10.008333 0.113101
10.012500 0.113160
10.016667 0.113056
10.020833 0.112871
10.025000 0.112612
10.029167 0.112279
10.033333 0.111871
10.037500 0.111388
10.041667 0.110832
10.045833 0.110201
10.050000 0.109497
10.054167 0.108719
10.058333 0.107869
10.062500 0.106948
10.066667 0.105958
10.070833 0.104900
10.075000 0.103778
10.079167 0.102597
10.083333 0.101362
10.087500 0.100083
10.091667 0.098774
10.095833 0.097457
10.100000 0.096170
10.104167 0.094984
10.108333 0.094041
10.112500 0.093465
10.116667 0.093074
10.120833 0.092502
10.125000 0.091629
10.129167 0.090489
10.133333 0.089133
10.137500 0.087612
10.141667 0.085971
10.145833 0.084256
10.150000 0.082506
10.154167 0.080760
10.158333 0.079052
10.162500 0.077414
10.166667 0.075872
10.170833 0.074453
10.175000 0.073177
10.179167 0.072063
10.183333 0.071127
10.187500 0.070383
10.191667 0.069841
10.195833 0.069512
10.200000 0.069413
10.204167 0.069575
10.208333 0.070027
10.212500 0.070773
10.216667 0.071809
10.220833 0.073129
10.225000 0.074722
10.229167 0.076575
10.233333 0.078667
10.237500 0.080970
10.241667 0.083435
10.245833 0.085981
10.250000 0.088447
10.254167 0.090542
10.258333 0.092344
10.262500 0.094780
10.266667 0.098048
10.270833 0.101563
10.275000 0.104928
10.279167 0.107997
10.283333 0.110701
10.287500 0.112993
10.291667 0.114834
10.295833 0.116189
10.300000 0.117029
10.304167 0.117381
10.308333 0.117394
10.312500 0.117236
10.316667 0.116971
10.320833 0.116609
10.325000 0.116155
10.329167 0.115615
10.333333 0.114992
10.337500 0.114291
10.341667 0.113516
10.345833 0.112671
10.350000 0.111758
10.354167 0.110783
10.358333 0.109748
10.362500 0.108657
10.366667 0.107514
10.370833 0.106323
10.375000 0.105089
10.379167 0.103817
10.383333 0.102514
10.387500 0.101190
10.391667 0.099859
10.395833 0.098543
10.400000 0.097294
10.404167 0.096243
10.408333 0.095600
10.412500 0.095368
10.416667 0.095241
10.420833 0.095071
10.425000 0.094853
10.429167 0.094597
10.433333 0.094311
10.437500 0.094003
10.441667 0.093678
10.445833 0.093342
10.450000 0.093000
10.454167 0.092656
10.458333 0.092316
10.462500 0.091982
10.466667 0.091660
10.470833 0.091353
10.475000 0.091064
10.479167 0.090799
10.483333 0.090562
10.487500 0.090356
10.491667 0.090188
10.495833 0.090060
10.500000 0.089984
10.504167 0.090005
10.508333 0.090247
10.512500 0.090830
10.516667 0.091792
10.520833 0.093131
10.525000 0.094835
10.529167 0.096883
10.533333 0.099243
10.537500 0.101855
10.541667 0.104613
10.545833 0.107313
10.550000 0.109615
10.554167 0.111740
10.558333 0.114684
10.562500 0.117994
10.566667 0.120980
10.570833 0.123481
10.575000 0.125496
10.579167 0.127041
10.583333 0.128132
10.587500 0.128784
10.591667 0.129046
10.595833 0.129042
10.600000 0.128889
10.604167 0.128628
10.608333 0.128264
10.612500 0.127796
10.616667 0.127225
10.620833 0.126551
10.625000 0.125775
10.629167 0.124898
10.633333 0.123921
10.637500 0.122846
10.641667 0.121673
10.645833 0.120405
10.650000 0.119045
10.654167 0.117596
10.658333 0.116063
10.662500 0.114452
10.666667 0.112771
10.670833 0.111032
10.675000 0.109248
10.679167 0.107444
10.683333 0.105652
10.687500 0.103929
10.691667 0.102374
10.695833 0.101171
10.700000 0.100486
10.704167 0.100137
10.708333 0.099745
10.712500 0.099186
10.716667 0.098493
10.720833 0.097706
10.725000 0.096854
10.729167 0.095962
10.733333 0.095050
10.737500 0.094135
10.741667 0.093230
10.745833 0.092348
10.750000 0.091499
10.754167 0.090692
10.758333 0.089935
10.762500 0.089235
10.766667 0.088599
10.770833 0.088032
10.775000 0.087541
10.779167 0.087129
10.783333 0.086802
10.787500 0.086564
10.791667 0.086424
10.795833 0.086451
10.800000 0.086827
10.804167 0.087711
10.808333 0.089128
10.812500 0.091043
10.816667 0.093416
10.820833 0.096207
10.825000 0.099374
10.829167 0.102861
10.833333 0.106553
10.837500 0.110079
10.841667 0.112627
10.845833 0.113863
10.850000 0.114710
10.854167 0.115608
10.858333 0.116519
10.862500 0.117406
10.866667 0.118251
10.870833 0.119040
10.875000 0.119762
10.879167 0.120407
10.883333 0.120964
10.887500 0.121422
10.891667 0.121767
10.895833 0.121986
10.900000 0.122070
10.904167 0.122030
10.908333 0.121883
10.912500 0.121631
10.916667 0.121267
10.920833 0.120784
10.925000 0.120173
10.929167 0.119427
10.933333 0.118534
10.937500 0.117485
10.941667 0.116267
10.945833 0.114869
10.950000 0.113278
10.954167 0.111485
10.958333 0.109485
10.962500 0.107284
10.966667 0.104916
10.970833 0.102469
10.975000 0.100147
10.979167 0.098305
10.983333 0.097066
10.987500 0.095780
10.991667 0.093914
10.995833 0.091627
11.000000 0.089191
11.004167 0.086745
11.008333 0.084365
11.012500 0.082101
11.016667 0.079986
11.020833 0.078048
11.025000 0.076310
11.029167 0.074792
11.033333 0.073511
11.037500 0.072486
11.041667 0.071734
11.045833 0.071270
11.050000 0.071089
11.054167 0.071142
11.058333 0.071369
11.062500 0.071748
11.066667 0.072275
11.070833 0.072948
11.075000 0.073765
11.079167 0.074723
11.083333 0.075820
11.087500 0.077055
11.091667 0.078423
11.095833 0.079924
11.100000 0.081552
11.104167 0.083305
11.108333 0.085174
11.112500 0.087153
11.116667 0.089225
11.120833 0.091364
11.125000 0.093499
11.129167 0.095451
11.133333 0.097185
11.137500 0.099215
11.141667 0.101741
11.145833 0.104442
11.150000 0.107078
11.154167 0.109568
11.158333 0.111875
11.162500 0.113977
11.166667 0.115854
11.170833 0.117491
11.175000 0.118869
11.179167 0.119973
11.183333 0.120784
11.187500 0.121287
11.191667 0.121491
11.195833 0.121473
11.200000 0.121319
11.204167 0.121064
11.208333 0.120716
11.212500 0.120281
11.216667 0.119762
11.220833 0.119166
11.225000 0.118495
11.229167 0.117753
11.233333 0.116944
11.237500 0.116071
11.241667 0.115138
11.245833 0.114149
11.250000 0.113105
11.254167 0.112011
11.258333 0.110872
11.262500 0.109690
11.266667 0.108472
11.270833 0.107224
11.275000 0.105958
11.279167 0.104692
11.283333 0.103467
11.287500 0.102397
11.291667 0.101640
11.295833 0.101059
11.300000 0.100203
11.304167 0.098931
11.308333 0.097319
11.312500 0.095458
11.316667 0.093428
11.320833 0.091295
11.325000 0.089120
11.329167 0.086952
11.333333 0.084835
11.337500 0.082805
11.341667 0.080893
11.345833 0.079124
11.350000 0.077520
11.354167 0.076097
11.358333 0.074871
11.362500 0.073852
11.366667 0.073049
11.370833 0.072471
11.375000 0.072121
11.379167 0.072005
11.383333 0.072128
11.387500 0.072489
11.391667 0.073085
11.395833 0.073907
11.400000 0.074949
11.404167 0.076200
11.408333 0.077651
11.412500 0.079287
11.416667 0.081090
11.420833 0.083033
11.425000 0.085078
11.429167 0.087159
11.433333 0.089151
11.437500 0.090888
11.441667 0.092988
11.445833 0.096825
11.450000 0.101630
11.454167 0.106300
11.458333 0.110512
11.462500 0.114223
11.466667 0.117430
11.470833 0.120136
11.475000 0.122345
11.479167 0.124060
11.483333 0.125283
11.487500 0.126021
11.491667 0.126324
11.495833 0.126334
11.500000 0.126196
11.504167 0.125959
11.508333 0.125626
11.512500 0.125197
11.516667 0.124671
11.520833 0.124050
11.525000 0.123332
11.529167 0.122517
11.533333 0.121605
11.537500 0.120595
11.541667 0.119489
11.545833 0.118286
11.550000 0.116987
11.554167 0.115593
11.558333 0.114104
11.562500 0.112524
11.566667 0.110855
11.570833 0.109101
11.575000 0.107272
11.579167 0.105378
11.583333 0.103440
11.587500 0.101497
11.591667 0.099634
11.595833 0.098071
11.600000 0.097161
11.604167 0.096964
11.608333 0.097076
11.612500 0.097268
11.616667 0.097499
11.620833 0.097756
11.625000 0.098030
11.629167 0.098314
11.633333 0.098600
11.637500 0.098886
11.641667 0.099166
11.645833 0.099438
11.650000 0.099698
11.654167 0.099942
11.658333 0.100169
11.662500 0.100375
11.666667 0.100557
11.670833 0.100713
11.675000 0.100840
11.679167 0.100935
11.683333 0.100998
11.687500 0.101074
11.691667 0.101302
11.695833 0.101820
11.700000 0.102675
11.704167 0.103872
11.708333 0.105407
11.712500 0.107280
11.716667 0.109486
11.720833 0.112015
11.725000 0.114850
11.729167 0.117952
11.733333 0.121211
11.737500 0.124239
11.741667 0.126126
11.745833 0.126310
11.750000 0.125636
11.754167 0.124772
11.758333 0.123889
11.762500 0.123044
11.766667 0.122270
11.770833 0.121591
11.775000 0.121028
11.779167 0.120602
11.783333 0.120330
11.787500 0.120205
11.791667 0.120159
11.795833 0.120116
11.800000 0.120049
11.804167 0.119953
11.808333 0.119828
11.812500 0.119673
11.816667 0.119487
11.820833 0.119270
11.825000 0.119021
11.829167 0.118739
11.833333 0.118423
11.837500 0.118072
11.841667 0.117686
11.845833 0.117265
11.850000 0.116808
11.854167 0.116316
11.858333 0.115788
11.862500 0.115227
11.866667 0.114635
11.870833 0.114016
11.875000 0.113377
11.879167 0.112728
11.883333 0.112085
11.887500 0.111474
11.891667 0.110939
11.895833 0.110541
11.900000 0.110276
11.904167 0.109937
11.908333 0.109276
11.912500 0.108224
11.916667 0.106811
11.920833 0.105077
11.925000 0.103066
11.929167 0.100824
11.933333 0.098396
11.937500 0.095830
11.941667 0.093172
11.945833 0.090466
11.950000 0.087756
11.954167 0.085083
11.958333 0.082486
11.962500 0.079999
11.966667 0.077654
11.970833 0.075481
11.975000 0.073505
11.979167 0.071747
11.983333 0.070226
11.987500 0.068959
11.991667 0.067959
11.995833 0.067236
12.000000 0.066801
12.004167 0.066697
12.008333 0.067025
12.012500 0.067851
12.016667 0.069155
12.020833 0.070885
12.025000 0.072991
12.029167 0.075432
12.033333 0.078166
12.037500 0.081154
12.041667 0.084349
12.045833 0.087687
12.050000 0.091045
12.054167 0.094069
12.058333 0.096051
12.062500 0.096738
12.066667 0.096939
12.070833 0.097106
12.075000 0.097270
12.079167 0.097427
12.083333 0.097573
12.087500 0.097707
12.091667 0.097828
12.095833 0.097934
12.100000 0.098025
12.104167 0.098098
12.108333 0.098153
12.112500 0.098186
12.116667 0.098193
12.120833 0.098162
12.125000 0.098080
12.129167 0.097944
12.133333 0.097753
12.137500 0.097507
12.141667 0.097205
12.145833 0.096847
12.150000 0.096433
12.154167 0.095961
12.158333 0.095431
12.162500 0.094843
12.166667 0.094196
12.170833 0.093489
12.175000 0.092721
12.179167 0.091892
12.183333 0.091001
12.187500 0.090047
12.191667 0.089029
12.195833 0.087946
12.200000 0.086799
12.204167 0.085589
12.208333 0.084320
12.212500 0.083012
12.216667 0.081760
12.220833 0.080810
12.225000 0.080227
12.229167 0.079564
12.233333 0.078644
12.237500 0.077536
12.241667 0.076313
12.245833 0.075029
12.250000 0.073729
12.254167 0.072446
12.258333 0.071207
12.262500 0.070038
12.266667 0.068956
12.270833 0.067980
12.275000 0.067124
12.279167 0.066401
12.283333 0.065822
12.287500 0.065397
12.291667 0.065139
12.295833 0.065068
12.300000 0.065231
12.304167 0.065669
12.308333 0.066391
12.312500 0.067393
12.316667 0.068671
12.320833 0.070219
12.325000 0.072031
12.329167 0.074100
12.333333 0.076415
12.337500 0.078963
12.341667 0.081723
12.345833 0.084652
12.350000 0.087648
12.354167 0.090431
12.358333 0.092846
12.362500 0.095586
12.366667 0.099198
12.370833 0.103268
12.375000 0.107340
12.379167 0.111215
12.383333 0.114788
12.387500 0.117983
12.391667 0.120736
12.395833 0.122987
12.400000 0.124675
12.404167 0.125741
12.408333 0.126208
12.412500 0.126287
12.416667 0.126223
12.420833 0.126100
12.425000 0.125925
12.429167 0.125694
12.433333 0.125406
12.437500 0.125056
12.441667 0.124643
12.445833 0.124163
12.450000 0.123612
12.454167 0.122986
12.458333 0.122281
12.462500 0.121492
12.466667 0.120615
12.470833 0.119644
12.475000 0.118576
12.479167 0.117406
12.483333 0.116131
12.487500 0.114755
12.491667 0.113287
12.495833 0.111763
12.500000 0.110269
12.504167 0.109016
12.508333 0.108177
12.512500 0.107457
12.516667 0.106370
12.520833 0.104856
12.525000 0.103048
12.529167 0.101051
12.533333 0.098940
12.537500 0.096769
12.541667 0.094583
12.545833 0.092419
12.550000 0.090310
12.554167 0.088287
12.558333 0.086379
12.562500 0.084615
12.566667 0.083024
12.570833 0.081638
12.575000 0.080490
12.579167 0.079619
12.583333 0.079064
12.587500 0.078842
12.591667 0.078908
12.595833 0.079191
12.600000 0.079663
12.604167 0.080318
12.608333 0.081153
12.612500 0.082162
12.616667 0.083341
12.620833 0.084685
12.625000 0.086186
12.629167 0.087837
12.633333 0.089622
12.637500 0.091523
12.641667 0.093501
12.645833 0.095471
12.650000 0.097248
12.654167 0.098914
12.658333 0.101246
12.662500 0.104478
12.666667 0.108081
12.670833 0.111652
12.675000 0.115029
12.679167 0.118127
12.683333 0.120887
12.687500 0.123258
12.691667 0.125190
12.695833 0.126636
12.700000 0.127546
12.704167 0.127943
12.708333 0.128007
12.712500 0.127943
12.716667 0.127825
12.720833 0.127656
12.725000 0.127434
12.729167 0.127158
12.733333 0.126825
12.737500 0.126433
12.741667 0.125978
12.745833 0.125459
12.750000 0.124872
12.754167 0.124214
12.758333 0.123482
12.762500 0.122673
12.766667 0.121782
12.770833 0.120808
12.775000 0.119747
12.779167 0.118597
12.783333 0.117359
12.787500 0.116033
12.791667 0.114631
12.795833 0.113171
12.800000 0.111697
12.804167 0.110307
12.808333 0.109195
12.812500 0.108556
12.816667 0.108253
12.820833 0.107933
12.825000 0.107470
12.829167 0.106890
12.833333 0.106227
12.837500 0.105512
12.841667 0.104769
12.845833 0.104019
12.850000 0.103280
12.854167 0.102564
12.858333 0.101882
12.862500 0.101243
12.866667 0.100653
12.870833 0.100118
12.875000 0.099641
12.879167 0.099225
12.883333 0.098871
12.887500 0.098582
12.891667 0.098356
12.895833 0.098196
12.900000 0.098102
12.904167 0.098106
12.908333 0.098294
12.912500 0.098754
12.916667 0.099515
12.920833 0.100580
12.925000 0.101947
12.929167 0.103617
12.933333 0.105587
12.937500 0.107852
12.941667 0.110405
12.945833 0.113230
12.950000 0.116293
12.954167 0.119493
12.958333 0.122503
12.962500 0.124818
12.966667 0.126543
12.970833 0.128350
12.975000 0.130334
12.979167 0.132351
12.983333 0.134336
12.987500 0.136259
12.991667 0.138099
12.995833 0.139842
13.000000 0.141473
13.004167 0.142979
13.008333 0.144345
13.012500 0.145558
13.016667 0.146600
13.020833 0.147452
13.025000 0.148093
13.029167 0.148499
13.033333 0.148666
13.037500 0.148646
13.041667 0.148506
13.045833 0.148273
13.050000 0.147952
13.054167 0.147548
13.058333 0.147064
13.062500 0.146502
13.066667 0.145867
13.070833 0.145162
13.075000 0.144391
13.079167 0.143556
13.083333 0.142663
13.087500 0.141715
13.091667 0.140717
13.095833 0.139674
13.100000 0.138595
13.104167 0.137487
13.108333 0.136363
13.112500 0.135241
13.116667 0.134150
13.120833 0.133145
13.125000 0.132331
13.129167 0.131711
13.133333 0.130882
13.137500 0.129367
13.141667 0.127134
13.145833 0.124347
13.150000 0.121148
13.154167 0.117649
13.158333 0.113939
13.162500 0.110094
13.166667 0.106178
13.170833 0.102250
13.175000 0.098361
13.179167 0.094559
13.183333 0.090891
13.187500 0.087401
13.191667 0.084134
13.195833 0.081135
13.200000 0.078451
13.204167 0.076129
13.208333 0.074223
13.212500 0.072788
13.216667 0.071880
13.220833 0.071490
13.225000 0.071465
13.229167 0.071621
13.233333 0.071894
13.237500 0.072279
13.241667 0.072779
13.245833 0.073398
13.250000 0.074137
13.254167 0.075000
13.258333 0.075989
13.262500 0.077107
13.266667 0.078353
13.270833 0.079727
13.275000 0.081219
13.279167 0.082790
13.283333 0.084327
13.287500 0.085946
13.291667 0.088373
13.295833 0.091829
13.300000 0.095765
13.304167 0.099742
13.308333 0.103586
13.312500 0.107206
13.316667 0.110547
13.320833 0.113563
13.325000 0.116217
13.329167 0.118471
13.333333 0.120291
13.337500 0.121638
13.341667 0.122479
13.345833 0.122839
13.350000 0.122876
13.354167 0.122769
13.358333 0.122580
13.362500 0.122313
13.366667 0.121968
13.370833 0.121543
13.375000 0.121037
13.379167 0.120450
13.383333 0.119783
13.387500 0.119036
13.391667 0.118211
13.395833 0.117312
13.400000 0.116344
13.404167 0.115316
13.408333 0.114241
13.412500 0.113138
13.416667 0.112037
13.420833 0.110985
13.425000 0.110058
13.429167 0.109364
13.433333 0.108907
13.437500 0.108352
13.441667 0.107298
13.445833 0.105663
13.450000 0.103534
13.454167 0.101026
13.458333 0.098252
13.462500 0.095321
13.466667 0.092333
13.470833 0.089372
13.475000 0.086510
13.479167 0.083802
13.483333 0.081293
13.487500 0.079013
13.491667 0.076985
13.495833 0.075224
13.500000 0.073736
13.504167 0.072525
13.508333 0.071590
13.512500 0.070929
13.516667 0.070538
13.520833 0.070418
13.525000 0.070591
13.529167 0.071070
13.533333 0.071847
13.537500 0.072907
13.541667 0.074233
13.545833 0.075807
13.550000 0.077613
13.554167 0.079632
13.558333 0.081845
13.562500 0.084229
13.566667 0.086754
13.570833 0.089379
13.575000 0.092037
13.579167 0.094598
13.583333 0.096766
13.587500 0.098234
13.591667 0.099259
13.595833 0.100339
13.600000 0.101521
13.604167 0.102698
13.608333 0.103824
13.612500 0.104874
13.616667 0.105835
13.620833 0.106695
13.625000 0.107447
13.629167 0.108080
13.633333 0.108588
13.637500 0.108960
13.641667 0.109190
13.645833 0.109277
13.650000 0.109238
13.654167 0.109096
13.658333 0.108860
13.662500 0.108533
13.666667 0.108116
13.670833 0.107612
13.675000 0.107022
13.679167 0.106347
13.683333 0.105590
13.687500 0.104752
13.691667 0.103834
13.695833 0.102837
13.700000 0.101762
13.704167 0.100611
13.708333 0.099386
13.712500 0.098087
13.716667 0.096715
13.720833 0.095275
13.725000 0.093767
13.729167 0.092197
13.733333 0.090576
13.737500 0.088930
13.741667 0.087389
13.745833 0.086330
13.750000 0.086026
13.754167 0.086063
13.758333 0.086163
13.762500 0.086290
13.766667 0.086437
13.770833 0.086598
13.775000 0.086770
13.779167 0.086947
13.783333 0.087127
13.787500 0.087306
13.791667 0.087481
13.795833 0.087650
13.800000 0.087811
13.804167 0.087961
13.808333 0.088099
13.812500 0.088223
13.816667 0.088331
13.820833 0.088423
13.825000 0.088496
13.829167 0.088549
13.833333 0.088588
13.837500 0.088676
13.841667 0.088994
13.845833 0.089705
13.850000 0.090830
13.854167 0.092335
13.858333 0.094179
13.862500 0.096326
13.866667 0.098739
13.870833 0.101380
13.875000 0.104207
13.879167 0.107164
13.883333 0.110169
13.887500 0.113071
13.891667 0.115508
13.895833 0.116896
13.900000 0.117098
13.904167 0.116776
13.908333 0.116355
13.912500 0.115927
13.916667 0.115521
13.920833 0.115153
13.925000 0.114834
13.929167 0.114572
13.933333 0.114377
13.937500 0.114253
13.941667 0.114188
13.945833 0.114129
13.950000 0.114019
13.954167 0.113836
13.958333 0.113575
13.962500 0.113234
13.966667 0.112811
13.970833 0.112302
13.975000 0.111704
13.979167 0.111014
13.983333 0.110230
13.987500 0.109349
13.991667 0.108368
13.995833 0.107285
14.000000 0.106099
14.004167 0.104809
14.008333 0.103417
14.012500 0.101925
14.016667 0.100342
14.020833 0.098678
14.025000 0.096956
14.029167 0.095208
14.033333 0.093484
14.037500 0.091865
14.041667 0.090472
14.045833 0.089466
14.050000 0.088884
14.054167 0.088375
14.058333 0.087526
14.062500 0.086261
14.066667 0.084670
14.070833 0.082848
14.075000 0.080875
14.079167 0.078825
14.083333 0.076761
14.087500 0.074735
14.091667 0.072797
14.095833 0.070988
14.100000 0.069342
14.104167 0.067891
14.108333 0.066661
14.112500 0.065675
14.116667 0.064953
14.120833 0.064510
14.125000 0.064353
14.129167 0.064471
14.133333 0.064841
14.137500 0.065448
14.141667 0.066283
14.145833 0.067337
14.150000 0.068600
14.154167 0.070063
14.158333 0.071716
14.162500 0.073550
14.166667 0.075554
14.170833 0.077713
14.175000 0.080012
14.179167 0.082429
14.183333 0.084932
14.187500 0.087467
14.191667 0.089921
14.195833 0.092066
14.200000 0.094037
14.204167 0.096812
14.208333 0.100635
14.212500 0.104890
14.216667 0.109135
14.220833 0.113202
14.225000 0.117002
14.229167 0.120476
14.233333 0.123571
14.237500 0.126234
14.241667 0.128413
14.245833 0.130050
14.250000 0.131087
14.254167 0.131537
14.258333 0.131596
14.262500 0.131487
14.266667 0.131294
14.270833 0.131022
14.275000 0.130671
14.279167 0.130240
14.283333 0.129728
14.287500 0.129136
14.291667 0.128464
14.295833 0.127712
14.300000 0.126881
14.304167 0.125975
14.308333 0.124994
14.312500 0.123945
14.316667 0.122834
14.320833 0.121670
14.325000 0.120467
14.329167 0.119245
14.333333 0.118035
14.337500 0.116884
14.341667 0.115870
14.345833 0.115110
14.350000 0.114640
14.354167 0.114208
14.358333 0.113550
14.362500 0.112661
14.366667 0.111625
14.370833 0.110495
14.375000 0.109306
14.379167 0.108079
14.383333 0.106833
14.387500 0.105580
14.391667 0.104330
14.395833 0.103094
14.400000 0.101880
14.404167 0.100695
14.408333 0.099548
14.412500 0.098445
14.416667 0.097394
14.420833 0.096404
14.425000 0.095483
14.429167 0.094639
14.433333 0.093885
14.437500 0.093231
14.441667 0.092691
14.445833 0.092282
14.450000 0.092026
14.454167 0.091985
14.458333 0.092292
14.462500 0.093062
14.466667 0.094320
14.470833 0.096053
14.475000 0.098244
14.479167 0.100874
14.483333 0.103922
14.487500 0.107353
14.491667 0.111083
14.495833 0.114762
14.500000 0.117472
14.504167 0.118616
14.508333 0.119096
14.512500 0.119490
14.516667 0.119851
14.520833 0.120180
14.525000 0.120478
14.529167 0.120745
14.533333 0.120980
14.537500 0.121185
14.541667 0.121360
14.545833 0.121503
14.550000 0.121615
14.554167 0.121695
14.558333 0.121742
14.562500 0.121735
14.566667 0.121617
14.570833 0.121336
14.575000 0.120881
14.579167 0.120257
14.583333 0.119474
14.587500 0.118540
14.591667 0.117462
14.595833 0.116248
14.600000 0.114906
14.604167 0.113442
14.608333 0.111865
14.612500 0.110183
14.616667 0.108406
14.620833 0.106545
14.625000 0.104614
14.629167 0.102632
14.633333 0.100626
14.637500 0.098641
14.641667 0.096767
14.645833 0.095214
14.650000 0.094249
14.654167 0.093740
14.658333 0.093176
14.662500 0.092375
14.666667 0.091388
14.670833 0.090279
14.675000 0.089098
14.679167 0.087889
14.683333 0.086686
14.687500 0.085519
14.691667 0.084412
14.695833 0.083387
14.700000 0.082461
14.704167 0.081649
14.708333 0.080964
14.712500 0.080417
14.716667 0.080017
14.720833 0.079775
14.725000 0.079712
14.729167 0.079877
14.733333 0.080309
14.737500 0.081009
14.741667 0.081961
14.745833 0.083152
14.750000 0.084567
14.754167 0.086195
14.758333 0.088022
14.762500 0.090036
14.766667 0.092225
14.770833 0.094573
14.775000 0.097060
14.779167 0.099654
14.783333 0.102282
14.787500 0.104733
14.791667 0.106815
14.795833 0.108922
14.800000 0.111505
14.804167 0.114333
14.808333 0.117107
14.812500 0.119714
14.816667 0.122106
14.820833 0.124257
14.825000 0.126149
14.829167 0.127770
14.833333 0.129112
14.837500 0.130167
14.841667 0.130928
14.845833 0.131390
14.850000 0.131574
14.854167 0.131549
14.858333 0.131389
14.862500 0.131119
14.866667 0.130742
14.870833 0.130257
14.875000 0.129665
14.879167 0.128967
14.883333 0.128164
14.887500 0.127256
14.891667 0.126244
14.895833 0.125130
14.900000 0.123915
14.904167 0.122601
14.908333 0.121191
14.912500 0.119688
14.916667 0.118096
14.920833 0.116422
14.925000 0.114674
14.929167 0.112864
14.933333 0.111010
14.937500 0.109142
14.941667 0.107307
14.945833 0.105602
14.950000 0.104232
14.954167 0.103430
14.958333 0.103072
14.962500 0.102751
14.966667 0.102318
14.970833 0.101798
14.975000 0.101223
14.979167 0.100613
14.983333 0.099987
14.987500 0.099357
14.991667 0.098736
14.995833 0.098134
15.000000 0.097562
15.004167 0.097029
15.008333 0.096546
15.012500 0.096122
15.016667 0.095769
15.020833 0.095500
15.025000 0.095330
15.029167 0.095294
15.033333 0.095458
15.037500 0.095875
15.041667 0.096551
15.045833 0.097472
15.050000 0.098624
15.054167 0.099993
15.058333 0.101563
15.062500 0.103317
15.066667 0.105236
15.070833 0.107292
15.075000 0.109441
15.079167 0.111591
15.083333 0.113523
15.087500 0.115111
15.091667 0.116747
15.095833 0.118661
15.100000 0.120681
15.104167 0.122655
15.108333 0.124530
15.112500 0.126280
15.116667 0.127882
15.120833 0.129315
15.125000 0.130557
15.129167 0.131583
15.133333 0.132361
15.137500 0.132859
15.141667 0.133067
15.145833 0.133047
15.150000 0.132883
15.154167 0.132610
15.158333 0.132234
15.162500 0.131760
15.166667 0.131190
15.170833 0.130529
15.175000 0.129779
15.179167 0.128945
15.183333 0.128030
15.187500 0.127036
15.191667 0.125968
15.195833 0.124829
15.200000 0.123623
15.204167 0.122356
15.208333 0.121034
15.212500 0.119665
15.216667 0.118262
15.220833 0.116849
15.225000 0.115475
15.229167 0.114278
15.233333 0.113442
15.237500 0.112805
15.241667 0.111843
15.245833 0.110364
15.250000 0.108424
15.254167 0.106104
15.258333 0.103487
15.262500 0.100650
15.266667 0.097669
15.270833 0.094618
15.275000 0.091563
15.279167 0.088565
15.283333 0.085682
15.287500 0.082964
15.291667 0.080456
15.295833 0.078199
15.300000 0.076225
15.304167 0.074565
15.308333 0.073244
15.312500 0.072282
15.316667 0.071697
15.320833 0.071495
15.325000 0.071673
15.329167 0.072207
15.333333 0.073080
15.337500 0.074270
15.341667 0.075761
15.345833 0.077534
15.350000 0.079571
15.354167 0.081852
15.358333 0.084356
15.362500 0.087053
15.366667 0.089906
15.370833 0.092852
15.375000 0.095761
15.379167 0.098342
15.383333 0.100527
15.387500 0.103035
15.391667 0.106138
15.395833 0.109443
15.400000 0.112667
15.404167 0.115718
15.408333 0.118559
15.412500 0.121164
15.416667 0.123518
15.420833 0.125604
15.425000 0.127409
15.429167 0.128919
15.433333 0.130120
15.437500 0.130997
15.441667 0.131536
15.445833 0.131756
15.450000 0.131741
15.454167 0.131584
15.458333 0.131322
15.462500 0.130958
15.466667 0.130496
15.470833 0.129938
15.475000 0.129286
15.479167 0.128543
15.483333 0.127710
15.487500 0.126791
15.491667 0.125787
15.495833 0.124702
15.500000 0.123540
15.504167 0.122305
15.508333 0.121003
15.512500 0.119645
15.516667 0.118248
15.520833 0.116858
15.525000 0.115608
15.529167 0.114686
15.533333 0.113938
15.537500 0.112855
15.541667 0.111310
15.545833 0.109419
15.550000 0.107284
15.554167 0.104979
15.558333 0.102563
15.562500 0.100083
15.566667 0.097581
15.570833 0.095090
15.575000 0.092644
15.579167 0.090273
15.583333 0.088006
15.587500 0.085873
15.591667 0.083902
15.595833 0.082127
15.600000 0.080581
15.604167 0.079301
15.608333 0.078329
15.612500 0.077710
15.616667 0.077479
15.620833 0.077619
15.625000 0.078088
15.629167 0.078858
15.633333 0.079917
15.637500 0.081250
15.641667 0.082846
15.645833 0.084691
15.650000 0.086769
15.654167 0.089064
15.658333 0.091551
15.662500 0.094197
15.666667 0.096946
15.670833 0.099677
15.675000 0.102108
15.679167 0.104073
15.683333 0.106075
15.687500 0.108401
15.691667 0.110809
15.695833 0.113100
15.700000 0.115212
15.704167 0.117119
15.708333 0.118806
15.712500 0.120260
15.716667 0.121473
15.720833 0.122432
15.725000 0.123131
15.729167 0.123557
15.733333 0.123712
15.737500 0.123623
15.741667 0.123335
15.745833 0.122885
15.750000 0.122299
15.754167 0.121598
15.758333 0.120799
15.762500 0.119918
15.766667 0.118968
15.770833 0.117961
15.775000 0.116910
15.779167 0.115826
15.783333 0.114721
15.787500 0.113609
15.791667 0.112506
15.795833 0.111429
15.800000 0.110403
15.804167 0.109462
15.808333 0.108657
15.812500 0.108066
15.816667 0.107702
15.820833 0.107341
15.825000 0.106702
15.829167 0.105724
15.833333 0.104456
15.837500 0.102957
15.841667 0.101279
15.845833 0.099472
15.850000 0.097582
15.854167 0.095651
15.858333 0.093720
15.862500 0.091826
15.866667 0.090007
15.870833 0.088294
15.875000 0.086721
15.879167 0.085317
15.883333 0.084111
15.887500 0.083131
15.891667 0.082403
15.895833 0.081949
15.900000 0.081777
15.904167 0.081854
15.908333 0.082139
15.912500 0.082619
15.916667 0.083296
15.920833 0.084174
15.925000 0.085256
15.929167 0.086546
15.933333 0.088047
15.937500 0.089762
15.941667 0.091693
15.945833 0.093836
15.950000 0.096180
15.954167 0.098669
15.958333 0.101068
15.962500 0.102852
15.966667 0.103895
15.970833 0.104927
15.975000 0.106194
15.979167 0.107566
15.983333 0.108947
15.987500 0.110275
15.991667 0.111507
15.995833 0.112613
16.000000 0.113564
16.004167 0.114339
16.008333 0.114916
16.012500 0.115276
16.016667 0.115426
16.020833 0.115419
16.025000 0.115321
16.029167 0.115155
16.033333 0.114925
16.037500 0.114632
16.041667 0.114276
16.045833 0.113860
16.050000 0.113385
16.054167 0.112852
16.058333 0.112262
16.062500 0.111617
16.066667 0.110920
16.070833 0.110172
16.075000 0.109377
16.079167 0.108536
16.083333 0.107655
16.087500 0.106739
16.091667 0.105794
16.095833 0.104831
16.100000 0.103866
16.104167 0.102922
16.108333 0.102051
16.112500 0.101334
16.116667 0.100673
16.120833 0.099441
16.125000 0.097057
16.129167 0.093611
16.133333 0.089468
16.137500 0.084952
16.141667 0.080317
16.145833 0.075762
16.150000 0.071436
16.154167 0.067453
16.158333 0.063894
16.162500 0.060817
16.166667 0.058264
16.170833 0.056261
16.175000 0.054824
16.179167 0.053957
16.183333 0.053636
16.187500 0.053777
16.191667 0.054298
16.195833 0.055168
16.200000 0.056382
16.204167 0.057934
16.208333 0.059817
16.212500 0.062019
16.216667 0.064520
16.220833 0.067284
16.225000 0.070245
16.229167 0.073247
16.233333 0.075924
16.237500 0.078025
16.241667 0.080126
16.245833 0.082685
16.250000 0.085416
16.254167 0.088014
16.258333 0.090362
16.262500 0.092410
16.266667 0.094126
16.270833 0.095490
16.275000 0.096482
16.279167 0.097090
16.283333 0.097338
16.287500 0.097327
16.291667 0.097164
16.295833 0.096882
16.300000 0.096483
16.304167 0.095964
16.308333 0.095322
16.312500 0.094554
16.316667 0.093658
16.320833 0.092633
16.325000 0.091479
16.329167 0.090196
16.333333 0.088786
16.337500 0.087253
16.341667 0.085605
16.345833 0.083853
16.350000 0.082011
16.354167 0.080102
16.358333 0.078156
16.362500 0.076212
16.366667 0.074322
16.370833 0.072554
16.375000 0.070992
16.379167 0.069735
16.383333 0.068898
16.387500 0.068552
16.391667 0.068638
16.395833 0.069008
16.400000 0.069560
16.404167 0.070238
16.408333 0.071003
16.412500 0.071823
16.416667 0.072675
16.420833 0.073539
16.425000 0.074397
16.429167 0.075236
16.433333 0.076044
16.437500 0.076811
16.441667 0.077526
16.445833 0.078182
16.450000 0.078771
16.454167 0.079286
16.458333 0.079720
16.462500 0.080067
16.466667 0.080321
16.470833 0.080482
16.475000 0.080602
16.479167 0.080848
16.483333 0.081386
16.487500 0.082278
16.491667 0.083533
16.495833 0.085151
16.500000 0.087131
16.504167 0.089466
16.508333 0.092137
16.512500 0.095096
16.516667 0.098213
16.520833 0.101121
16.525000 0.103473
16.529167 0.105710
16.533333 0.108304
16.537500 0.111091
16.541667 0.113855
16.545833 0.116522
16.550000 0.119061
16.554167 0.121455
16.558333 0.123690
16.562500 0.125757
16.566667 0.127645
16.570833 0.129346
16.575000 0.130852
16.579167 0.132153
16.583333 0.133241
16.587500 0.134106
16.591667 0.134737
16.595833 0.135125
16.600000 0.135282
16.604167 0.135265
16.608333 0.135138
16.612500 0.134925
16.616667 0.134629
16.620833 0.134253
16.625000 0.133797
16.629167 0.133262
16.633333 0.132652
16.637500 0.131968
16.641667 0.131211
16.645833 0.130384
16.650000 0.129490
16.654167 0.128531
16.658333 0.127511
16.662500 0.126435
16.666667 0.125306
16.670833 0.124132
16.675000 0.122923
16.679167 0.121691
16.683333 0.120456
16.687500 0.119251
16.691667 0.118139
16.695833 0.117253
16.700000 0.116759
16.704167 0.116624
