0.004167 0.000000
0.008333 0.000000
0.012500 0.000000
0.016667 0.000000
0.020833 0.000000
0.025000 0.000000
0.029167 0.000000
0.033333 0.000000
0.037500 0.000000
0.041667 0.000000
0.045833 0.000000
0.050000 0.000000
0.054167 0.000000
0.058333 0.000000
0.062500 0.000000
0.066667 0.000000
0.070833 0.000000
0.075000 0.000000
0.079167 0.000000
0.083333 0.000000
0.087500 0.000000
0.091667 0.000000
0.095833 0.000000
0.100000 0.000000
0.104167 0.000000
0.108333 0.000000
0.112500 0.000000
0.116667 0.000000
0.120833 0.000000
0.125000 0.000000
0.129167 0.000000
0.133333 0.000000
0.137500 0.000000
0.141667 0.000000
0.145833 0.000000
0.150000 0.000000
0.154167 0.000000
0.158333 0.000000
0.162500 0.000000
0.166667 0.000000
0.170833 0.000000
0.175000 0.000000
0.179167 0.000000
0.183333 0.000000
0.187500 0.000000
0.191667 0.000000
0.195833 0.000000
0.200000 0.000000
0.204167 0.000000
0.208333 0.000000
0.212500 0.000000
0.216667 0.000000
0.220833 0.000000
0.225000 0.000000
0.229167 0.000000
0.233333 0.000000
0.237500 0.000000
0.241667 0.000000
0.245833 0.000000
0.250000 0.000000
0.254167 0.000000
0.258333 0.000000
0.262500 0.000000
0.266667 0.000000
0.270833 0.000000
0.275000 0.000000
0.279167 0.000000
0.283333 0.000000
0.287500 0.000000
0.291667 0.000000
0.295833 0.000000
0.300000 0.000000
0.304167 0.000000
0.308333 0.000000
0.312500 0.000000
0.316667 0.000000
0.320833 0.000000
0.325000 0.000000
0.329167 0.000000
0.333333 0.000000
0.337500 0.000000
0.341667 0.000000
0.345833 0.000000
0.350000 0.000000
0.354167 0.000000
0.358333 0.000000
0.362500 0.000000
0.366667 0.000000
0.370833 0.000000
0.375000 0.000000
0.379167 0.000000
0.383333 0.000000
0.387500 0.000000
0.391667 0.000000
0.395833 0.000000
0.400000 0.000000
0.404167 0.000000
0.408333 0.000000
0.412500 0.000000
0.416667 0.000000
0.420833 0.000000
0.425000 0.000000
0.429167 0.000000
0.433333 0.000000
0.437500 0.000000
0.441667 0.000000
0.445833 0.000000
0.450000 0.000000
0.454167 0.000000
0.458333 0.000000
0.462500 0.000000
0.466667 0.000000
0.470833 0.000000
0.475000 0.000000
0.479167 0.000000
0.483333 0.000000
0.487500 0.000000
0.491667 0.000000
0.495833 0.000000
0.500000 0.000000
0.504167 0.000000
0.508333 0.000000
0.512500 0.000000
0.516667 0.000000
0.520833 0.000000
0.525000 0.000000
0.529167 0.000000
0.533333 0.000000
0.537500 0.000000
0.541667 0.000000
0.545833 0.000000
0.550000 0.000000
0.554167 0.000000
0.558333 0.000000
0.562500 0.000000
0.566667 0.000000
0.570833 0.000000
0.575000 0.000000
0.579167 0.000000
0.583333 0.000000
0.587500 0.000000
0.591667 0.000000
0.595833 0.000000
0.600000 0.000000
0.604167 0.000000
0.608333 0.000000
0.612500 0.000000
0.616667 0.000000
0.620833 0.000000
0.625000 0.000000
0.629167 0.000000
0.633333 0.000000
0.637500 0.000000
0.641667 0.000000
0.645833 0.000000
0.650000 0.000000
0.654167 0.000000
0.658333 0.000000
0.662500 0.000000
0.666667 0.000000
0.670833 0.000000
0.675000 0.000000
0.679167 0.000000
0.683333 0.000000
0.687500 0.000000
0.691667 0.000000
0.695833 0.000000
0.700000 0.000000
0.704167 0.000000
0.708333 0.000000
0.712500 0.000000
0.716667 0.000000
0.720833 0.000000
0.725000 0.000000
0.729167 0.000000
0.733333 0.000000
0.737500 0.000000
0.741667 0.000000
0.745833 0.000000
0.750000 0.000000
0.754167 0.000000
0.758333 0.000000
0.762500 0.000000
0.766667 0.000000
0.770833 0.000000
0.775000 0.000000
0.779167 0.000000
0.783333 0.000000
0.787500 0.000000
0.791667 0.000000
0.795833 0.000000
0.800000 0.000000
0.804167 0.000000
0.808333 0.000000
0.812500 0.000000
0.816667 0.000000
0.820833 0.000000
0.825000 0.000000
0.829167 0.000000
0.833333 0.000000
0.837500 0.000000
0.841667 0.000000
0.845833 0.000000
0.850000 0.000000
0.854167 0.000000
0.858333 0.000000
0.862500 0.000000
0.866667 0.000000
0.870833 0.000000
0.875000 0.000000
0.879167 0.000000
0.883333 0.000000
0.887500 0.000000
0.891667 0.000000
0.895833 0.000000
0.900000 0.000000
0.904167 0.000000
0.908333 0.000000
0.912500 0.000000
0.916667 0.000000
0.920833 0.000000
0.925000 0.000000
0.929167 0.000000
0.933333 0.000000
0.937500 0.000000
0.941667 0.000000
0.945833 0.000000
0.950000 0.000000
0.954167 0.000000
0.958333 0.000000
0.962500 0.000000
0.966667 0.000000
0.970833 0.000000
0.975000 0.000000
0.979167 0.000000
0.983333 0.000000
0.987500 0.000000
0.991667 0.000000
0.995833 0.000000
1.000000 0.000000
1.004167 0.000000
1.008333 0.000000
1.012500 0.000000
1.016667 0.000000
1.020833 0.000000
1.025000 0.000000
1.029167 0.000000
1.033333 0.000000
1.037500 0.000000
1.041667 0.000000
1.045833 0.000000
1.050000 0.000000
1.054167 0.000000
1.058333 0.000000
1.062500 0.000000
1.066667 0.000000
1.070833 0.000000
1.075000 0.000000
1.079167 0.000000
1.083333 0.000000
1.087500 0.000000
1.091667 0.000000
1.095833 0.000000
1.100000 0.000000
1.104167 0.000000
1.108333 0.000000
1.112500 0.000000
1.116667 0.000000
1.120833 0.000000
1.125000 0.000000
1.129167 0.000000
1.133333 0.000000
1.137500 0.000000
1.141667 0.000000
1.145833 0.000000
1.150000 0.000000
1.154167 0.000000
1.158333 0.000000
1.162500 0.000000
1.166667 0.000000
1.170833 0.000000
1.175000 0.000000
1.179167 0.000000
1.183333 0.000000
1.187500 0.000000
1.191667 0.000000
1.195833 0.000000
1.200000 0.000000
1.204167 0.000000
1.208333 0.000000
1.212500 0.000000
1.216667 0.000000
1.220833 0.000000
1.225000 0.000000
1.229167 0.000000
1.233333 0.000000
1.237500 0.000000
1.241667 0.000000
1.245833 0.000000
1.250000 0.000000
1.254167 0.000000
1.258333 0.000000
1.262500 0.000000
1.266667 0.000000
1.270833 0.000000
1.275000 0.000000
1.279167 0.000000
1.283333 0.000000
1.287500 0.000000
1.291667 0.000000
1.295833 0.000000
1.300000 0.000000
1.304167 0.000000
1.308333 0.000000
1.312500 0.000000
1.316667 0.000000
1.320833 0.000000
1.325000 0.000000
1.329167 0.000000
1.333333 0.000000
1.337500 0.000000
1.341667 0.000000
1.345833 0.000000
1.350000 0.000000
1.354167 0.000000
1.358333 0.000000
1.362500 0.000000
1.366667 0.000000
1.370833 0.000000
1.375000 0.000000
1.379167 0.000000
1.383333 0.000000
1.387500 0.000000
1.391667 0.000000
1.395833 0.000000
1.400000 0.000000
1.404167 0.000000
1.408333 0.000000
1.412500 0.000000
1.416667 0.000000
1.420833 0.000000
1.425000 0.000000
1.429167 0.000000
1.433333 0.000000
1.437500 0.000000
1.441667 0.000000
1.445833 0.000000
1.450000 0.000000
1.454167 0.000000
1.458333 0.000000
1.462500 0.000000
1.466667 0.000000
1.470833 0.000000
1.475000 0.000000
1.479167 0.000000
1.483333 0.000000
1.487500 0.000000
1.491667 0.000000
1.495833 0.000000
1.500000 0.000000
1.504167 0.000000
1.508333 0.000000
1.512500 0.000000
1.516667 0.000000
1.520833 0.000000
1.525000 0.000000
1.529167 0.000000
1.533333 0.000000
1.537500 0.000000
1.541667 0.000000
1.545833 0.000000
1.550000 0.000000
1.554167 0.000000
1.558333 0.000000
1.562500 0.000000
1.566667 0.000000
1.570833 0.000000
1.575000 0.000000
1.579167 0.000000
1.583333 0.000000
1.587500 0.000000
1.591667 0.000000
1.595833 0.000000
1.600000 0.000000
1.604167 0.000000
1.608333 0.000000
1.612500 0.000000
1.616667 0.000000
1.620833 0.000000
1.625000 0.000000
1.629167 0.000000
1.633333 0.000000
1.637500 0.000000
1.641667 0.000000
1.645833 0.000000
1.650000 0.000000
1.654167 0.000000
1.658333 0.000000
1.662500 0.000000
1.666667 0.000000
1.670833 0.000000
1.675000 0.000000
1.679167 0.000000
1.683333 0.000000
1.687500 0.000000
1.691667 0.000000
1.695833 0.000000
1.700000 0.000000
1.704167 0.000000
1.708333 0.000000
1.712500 0.000000
1.716667 0.000000
1.720833 0.000000
1.725000 0.000000
1.729167 0.000000
1.733333 0.000000
1.737500 0.000000
1.741667 0.000000
1.745833 0.000000
1.750000 0.000000
1.754167 0.000000
1.758333 0.000000
1.762500 0.000000
1.766667 0.000000
1.770833 0.000000
1.775000 0.000000
1.779167 0.000000
1.783333 0.000000
1.787500 0.000000
1.791667 0.000000
1.795833 0.000000
1.800000 0.000000
1.804167 0.000000
1.808333 0.000000
1.812500 0.000000
1.816667 0.000000
1.820833 0.000000
1.825000 0.000000
1.829167 0.000000
1.833333 0.000000
1.837500 0.000000
1.841667 0.000000
1.845833 0.000000
1.850000 0.000000
1.854167 0.000000
1.858333 0.000000
1.862500 0.000000
1.866667 0.000000
1.870833 0.000000
1.875000 0.000000
1.879167 0.000000
1.883333 0.000000
1.887500 0.000000
1.891667 0.000000
1.895833 0.000000
1.900000 0.000000
1.904167 0.000000
1.908333 0.000000
1.912500 0.000000
1.916667 0.000000
1.920833 0.000000
1.925000 0.000000
1.929167 0.000000
1.933333 0.000000
1.937500 0.000000
1.941667 0.000000
1.945833 0.000000
1.950000 0.000000
1.954167 0.000000
1.958333 0.000000
1.962500 0.000000
1.966667 0.000000
1.970833 0.000000
1.975000 0.000000
1.979167 0.000000
1.983333 0.000000
1.987500 0.000000
1.991667 0.000000
1.995833 0.000000
2.000000 0.000000
2.004167 0.000000
2.008333 0.000000
2.012500 0.000000
2.016667 0.000000
2.020833 0.000000
2.025000 0.000000
2.029167 0.000000
2.033333 0.000000
2.037500 0.000000
2.041667 0.000000
2.045833 0.000000
2.050000 0.000000
2.054167 0.000000
2.058333 0.000000
2.062500 0.000000
2.066667 0.000000
2.070833 0.000000
2.075000 0.000000
2.079167 0.000000
2.083333 0.000000
2.087500 0.000000
2.091667 0.000000
2.095833 0.000000
2.100000 0.000000
2.104167 0.000000
2.108333 0.000000
2.112500 0.000000
2.116667 0.000000
2.120833 0.000000
2.125000 0.000000
2.129167 0.000000
2.133333 0.000000
2.137500 0.000000
2.141667 0.000000
2.145833 0.000000
2.150000 0.000000
2.154167 0.000000
2.158333 0.000000
2.162500 0.000000
2.166667 0.000000
2.170833 0.000000
2.175000 0.000000
2.179167 0.000000
2.183333 0.000000
2.187500 0.000000
2.191667 0.000000
2.195833 0.000000
2.200000 0.000000
2.204167 0.000000
2.208333 0.000000
2.212500 0.000000
2.216667 0.000000
2.220833 0.000000
2.225000 0.000000
2.229167 0.000000
2.233333 0.000000
2.237500 0.000000
2.241667 0.000000
2.245833 0.000000
2.250000 0.000000
2.254167 0.000000
2.258333 0.000000
2.262500 0.000000
2.266667 0.000000
2.270833 0.000000
2.275000 0.000000
2.279167 0.000000
2.283333 0.000000
2.287500 0.000000
2.291667 0.000000
2.295833 0.000000
2.300000 0.000000
2.304167 0.000000
2.308333 0.000000
2.312500 0.000000
2.316667 0.000000
2.320833 0.000000
2.325000 0.000000
2.329167 0.000000
2.333333 0.000000
2.337500 0.000000
2.341667 0.000000
2.345833 0.000000
2.350000 0.000000
2.354167 0.000000
2.358333 0.000000
2.362500 0.000000
2.366667 0.000000
2.370833 0.000000
2.375000 0.000000
2.379167 0.000000
2.383333 0.000000
2.387500 0.000000
2.391667 0.000000
2.395833 0.000000
2.400000 0.000000
2.404167 0.000000
2.408333 0.000000
2.412500 0.000000
2.416667 0.000000
2.420833 0.000000
2.425000 0.000000
2.429167 0.000000
2.433333 0.000000
2.437500 0.000000
2.441667 0.000000
2.445833 0.000000
2.450000 0.000000
2.454167 0.000000
2.458333 0.000000
2.462500 0.000000
2.466667 0.000000
2.470833 0.000000
2.475000 0.000000
2.479167 0.000000
2.483333 0.000000
2.487500 0.000000
2.491667 0.000000
2.495833 0.000000
2.500000 0.000000
2.504167 0.000000
2.508333 0.000000
2.512500 0.000000
2.516667 0.000000
2.520833 0.000000
2.525000 0.000000
2.529167 0.000000
2.533333 0.000000
2.537500 0.000000
2.541667 0.000000
2.545833 0.000000
2.550000 0.000000
2.554167 0.000000
2.558333 0.000000
2.562500 0.000000
2.566667 0.000000
2.570833 0.000000
2.575000 0.000000
2.579167 0.000000
2.583333 0.000000
2.587500 0.000000
2.591667 0.000000
2.595833 0.000000
2.600000 0.000000
2.604167 0.000000
2.608333 0.000000
2.612500 0.000000
2.616667 0.000000
2.620833 0.000000
2.625000 0.000000
2.629167 0.000000
2.633333 0.000000
2.637500 0.000000
2.641667 0.000000
2.645833 0.000000
2.650000 0.000000
2.654167 0.000000
2.658333 0.000000
2.662500 0.000000
2.666667 0.000000
2.670833 0.000000
2.675000 0.000000
2.679167 0.000000
2.683333 0.000000
2.687500 0.000000
2.691667 0.000000
2.695833 0.000000
2.700000 0.000000
2.704167 0.000000
2.708333 0.000000
2.712500 0.000000
2.716667 0.000000
2.720833 0.000000
2.725000 0.000000
2.729167 0.000000
2.733333 0.000000
2.737500 0.000000
2.741667 0.000000
2.745833 0.000000
2.750000 0.000000
2.754167 0.000000
2.758333 0.000000
2.762500 0.000000
2.766667 0.000000
2.770833 0.000000
2.775000 0.000000
2.779167 0.000000
2.783333 0.000000
2.787500 0.000000
2.791667 0.000000
2.795833 0.000000
2.800000 0.000000
2.804167 0.000000
2.808333 0.000000
2.812500 0.000000
2.816667 0.000000
2.820833 0.000000
2.825000 0.000000
2.829167 0.000000
2.833333 0.000000
2.837500 0.000000
2.841667 0.000000
2.845833 0.000000
2.850000 0.000000
2.854167 0.000000
2.858333 0.000000
2.862500 0.000000
2.866667 0.000000
2.870833 0.000000
2.875000 0.000000
2.879167 0.000000
2.883333 0.000000
2.887500 0.000000
2.891667 0.000000
2.895833 0.000000
2.900000 0.000000
2.904167 0.000000
2.908333 0.000000
2.912500 0.000000
2.916667 0.000000
2.920833 0.000000
2.925000 0.000000
2.929167 0.000000
2.933333 0.000000
2.937500 0.000000
2.941667 0.000000
2.945833 0.000000
2.950000 0.000000
2.954167 0.000000
2.958333 0.000000
2.962500 0.000000
2.966667 0.000000
2.970833 0.000000
2.975000 0.000000
2.979167 0.000000
2.983333 0.000000
2.987500 0.000000
2.991667 0.000000
2.995833 0.000000
3.000000 0.000000
3.004167 0.000000
3.008333 0.000000
3.012500 0.000000
3.016667 0.000000
3.020833 0.000000
3.025000 0.000000
3.029167 0.000000
3.033333 0.000000
3.037500 0.000000
3.041667 0.000000
3.045833 0.000000
3.050000 0.000000
3.054167 0.000000
3.058333 0.000000
3.062500 0.000000
3.066667 0.000000
3.070833 0.000000
3.075000 0.000000
3.079167 0.000000
3.083333 0.000000
3.087500 0.000000
3.091667 0.000000
3.095833 0.000000
3.100000 0.000000
3.104167 0.000000
3.108333 0.000000
3.112500 0.000000
3.116667 0.000000
3.120833 0.000000
3.125000 0.000000
3.129167 0.000000
3.133333 0.000000
3.137500 0.000000
3.141667 0.000000
3.145833 0.000000
3.150000 0.000000
3.154167 0.000000
3.158333 0.000000
3.162500 0.000000
3.166667 0.000000
3.170833 0.000000
3.175000 0.000000
3.179167 0.000000
3.183333 0.000000
3.187500 0.000000
3.191667 0.000000
3.195833 0.000000
3.200000 0.000000
3.204167 0.000000
3.208333 0.000000
3.212500 0.000000
3.216667 0.000000
3.220833 0.000000
3.225000 0.000000
3.229167 0.000000
3.233333 0.000000
3.237500 0.000000
3.241667 0.000000
3.245833 0.000000
3.250000 0.000000
3.254167 0.000000
3.258333 0.000000
3.262500 0.000000
3.266667 0.000000
3.270833 0.000000
3.275000 0.000000
3.279167 0.000000
3.283333 0.000000
3.287500 0.000000
3.291667 0.000000
3.295833 0.000000
3.300000 0.000000
3.304167 0.000000
3.308333 0.000000
3.312500 0.000000
3.316667 0.000000
3.320833 0.000000
3.325000 0.000000
3.329167 0.000000
3.333333 0.000000
3.337500 0.000000
3.341667 0.000000
3.345833 0.000000
3.350000 0.000000
3.354167 0.000000
3.358333 0.000000
3.362500 0.000000
3.366667 0.000000
3.370833 0.000000
3.375000 0.000000
3.379167 0.000000
3.383333 0.000000
3.387500 0.000000
3.391667 0.000000
3.395833 0.000000
3.400000 0.000000
3.404167 0.000000
3.408333 0.000000
3.412500 0.000000
3.416667 0.000000
3.420833 0.000000
3.425000 0.000000
3.429167 0.000000
3.433333 0.000000
3.437500 0.000000
3.441667 0.000000
3.445833 0.000000
3.450000 0.000000
3.454167 0.000000
3.458333 0.000000
3.462500 0.000000
3.466667 0.000000
3.470833 0.000000
3.475000 0.000000
3.479167 0.000000
3.483333 0.000000
3.487500 0.000000
3.491667 0.000000
3.495833 0.000000
3.500000 0.000000
3.504167 0.000000
3.508333 0.000000
3.512500 0.000000
3.516667 0.000000
3.520833 0.000000
3.525000 0.000000
3.529167 0.000000
3.533333 0.000000
3.537500 0.000000
3.541667 0.000000
3.545833 0.000000
3.550000 0.000000
3.554167 0.000000
3.558333 0.000000
3.562500 0.000000
3.566667 0.000000
3.570833 0.000000
3.575000 0.000000
3.579167 0.000000
3.583333 0.000000
3.587500 0.000000
3.591667 0.000000
3.595833 0.000000
3.600000 0.000000
3.604167 0.000000
3.608333 0.000000
3.612500 0.000000
3.616667 0.000000
3.620833 0.000000
3.625000 0.000000
3.629167 0.000000
3.633333 0.000000
3.637500 0.000000
3.641667 0.000000
3.645833 0.000000
3.650000 0.000000
3.654167 0.000000
3.658333 0.000000
3.662500 0.000000
3.666667 0.000000
3.670833 0.000000
3.675000 0.000000
3.679167 0.000000
3.683333 0.000000
3.687500 0.000000
3.691667 0.000000
3.695833 0.000000
3.700000 0.000000
3.704167 0.000000
3.708333 0.000000
3.712500 0.000000
3.716667 0.000000
3.720833 0.000000
3.725000 0.000000
3.729167 0.000000
3.733333 0.000000
3.737500 0.000000
3.741667 0.000000
3.745833 0.000000
3.750000 0.000000
3.754167 0.000000
3.758333 0.000000
3.762500 0.000000
3.766667 0.000000
3.770833 0.000000
3.775000 0.000000
3.779167 0.000000
3.783333 0.000000
3.787500 0.000000
3.791667 0.000000
3.795833 0.000000
3.800000 0.000000
3.804167 0.000000
3.808333 0.000000
3.812500 0.000000
3.816667 0.000000
3.820833 0.000000
3.825000 0.000000
3.829167 0.000000
3.833333 0.000000
3.837500 0.000000
3.841667 0.000000
3.845833 0.000000
3.850000 0.000000
3.854167 0.000000
3.858333 0.000000
3.862500 0.000000
3.866667 0.000000
3.870833 0.000000
3.875000 0.000000
3.879167 0.000000
3.883333 0.000000
3.887500 0.000000
3.891667 0.000000
3.895833 0.000000
3.900000 0.000000
3.904167 0.000000
3.908333 0.000000
3.912500 0.000000
3.916667 0.000000
3.920833 0.000000
3.925000 0.000000
3.929167 0.000000
3.933333 0.000000
3.937500 0.000000
3.941667 0.000000
3.945833 0.000000
3.950000 0.000000
3.954167 0.000000
3.958333 0.000000
3.962500 0.000000
3.966667 0.000000
3.970833 0.000000
3.975000 0.000000
3.979167 0.000000
3.983333 0.000000
3.987500 0.000000
3.991667 0.000000
3.995833 0.000000
4.000000 0.000000
4.004167 0.000000
4.008333 0.000000
4.012500 0.000000
4.016667 0.000000
4.020833 0.000000
4.025000 0.000000
4.029167 0.000000
4.033333 0.000000
4.037500 0.000000
4.041667 0.000000
4.045833 0.000000
4.050000 0.000000
4.054167 0.000000
4.058333 0.000000
4.062500 0.000000
4.066667 0.000000
4.070833 0.000000
4.075000 0.000000
4.079167 0.000000
4.083333 0.000000
4.087500 0.000000
4.091667 0.000000
4.095833 0.000000
4.100000 0.000000
4.104167 0.000000
4.108333 0.000000
4.112500 0.000000
4.116667 0.000000
4.120833 0.000000
4.125000 0.000000
4.129167 0.000000
4.133333 0.000000
4.137500 0.000000
4.141667 0.000000
4.145833 0.000000
4.150000 0.000000
4.154167 0.000000
4.158333 0.000000
4.162500 0.000000
4.166667 0.000000
4.170833 0.000000
4.175000 0.000000
4.179167 0.000000
4.183333 0.000000
4.187500 0.000000
4.191667 0.000000
4.195833 0.000000
4.200000 0.000000
4.204167 0.000000
4.208333 0.000000
4.212500 0.000000
4.216667 0.000000
4.220833 0.000000
4.225000 0.000000
4.229167 0.000000
4.233333 0.000000
4.237500 0.000000
4.241667 0.000000
4.245833 0.000000
4.250000 0.000000
4.254167 0.000000
4.258333 0.000000
4.262500 0.000000
4.266667 0.000000
4.270833 0.000000
4.275000 0.000000
4.279167 0.000000
4.283333 0.000000
4.287500 0.000000
4.291667 0.000000
4.295833 0.000000
4.300000 0.000000
4.304167 0.000000
4.308333 0.000000
4.312500 0.000000
4.316667 0.000000
4.320833 0.000000
4.325000 0.000000
4.329167 0.000000
4.333333 0.000000
4.337500 0.000000
4.341667 0.000000
4.345833 0.000000
4.350000 0.000000
4.354167 0.000000
4.358333 0.000000
4.362500 0.000000
4.366667 0.000000
4.370833 0.000000
4.375000 0.000000
4.379167 0.000000
4.383333 0.000000
4.387500 0.000000
4.391667 0.000000
4.395833 0.000000
4.400000 0.000000
4.404167 0.000000
4.408333 0.000000
4.412500 0.000000
4.416667 0.000000
4.420833 0.000000
4.425000 0.000000
4.429167 0.000000
4.433333 0.000000
4.437500 0.000000
4.441667 0.000000
4.445833 0.000000
4.450000 0.000000
4.454167 0.000000
4.458333 0.000000
4.462500 0.000000
4.466667 0.000000
4.470833 0.000000
4.475000 0.000000
4.479167 0.000000
4.483333 0.000000
4.487500 0.000000
4.491667 0.000000
4.495833 0.000000
4.500000 0.000000
4.504167 0.000000
4.508333 0.000000
4.512500 0.000000
4.516667 0.000000
4.520833 0.000000
4.525000 0.000000
4.529167 0.000000
4.533333 0.000000
4.537500 0.000000
4.541667 0.000000
4.545833 0.000000
4.550000 0.000000
4.554167 0.000000
4.558333 0.000000
4.562500 0.000000
4.566667 0.000000
4.570833 0.000000
4.575000 0.000000
4.579167 0.000000
4.583333 0.000000
4.587500 0.000000
4.591667 0.000000
4.595833 0.000000
4.600000 0.000000
4.604167 0.000000
4.608333 0.000000
4.612500 0.000000
4.616667 0.000000
4.620833 0.000000
4.625000 0.000000
4.629167 0.000000
4.633333 0.000000
4.637500 0.000000
4.641667 0.000000
4.645833 0.000000
4.650000 0.000000
4.654167 0.000000
4.658333 0.000000
4.662500 0.000000
4.666667 0.000000
4.670833 0.000000
4.675000 0.000000
4.679167 0.000000
4.683333 0.000000
4.687500 0.000000
4.691667 0.000000
4.695833 0.000000
4.700000 0.000000
4.704167 0.000000
4.708333 0.000000
4.712500 0.000000
4.716667 0.000000
4.720833 0.000000
4.725000 0.000000
4.729167 0.000000
4.733333 0.000000
4.737500 0.000000
4.741667 0.000000
4.745833 0.000000
4.750000 0.000000
4.754167 0.000000
4.758333 0.000000
4.762500 0.000000
4.766667 0.000000
4.770833 0.000000
4.775000 0.000000
4.779167 0.000000
4.783333 0.000000
4.787500 0.000000
4.791667 0.000000
4.795833 0.000000
4.800000 0.000000
4.804167 0.000000
4.808333 0.000000
4.812500 0.000000
4.816667 0.000000
4.820833 0.000000
4.825000 0.000000
4.829167 0.000000
4.833333 0.000000
4.837500 0.000000
4.841667 0.000000
4.845833 0.000000
4.850000 0.000000
4.854167 0.000000
4.858333 0.000000
4.862500 0.000000
4.866667 0.000000
4.870833 0.000000
4.875000 0.000000
4.879167 0.000000
4.883333 0.000000
4.887500 0.000000
4.891667 0.000000
4.895833 0.000000
4.900000 0.000000
4.904167 0.000000
4.908333 0.000000
4.912500 0.000000
4.916667 0.000000
4.920833 0.000000
4.925000 0.000000
4.929167 0.000000
4.933333 0.000000
4.937500 0.000000
4.941667 0.000000
4.945833 0.000000
4.950000 0.000000
4.954167 0.000000
4.958333 0.000000
4.962500 0.000000
4.966667 0.000000
4.970833 0.000000
4.975000 0.000000
4.979167 0.000000
4.983333 0.000000
4.987500 0.000000
4.991667 0.000000
4.995833 0.000000
5.000000 0.000000
5.004167 0.000000
5.008333 0.000000
5.012500 0.000000
5.016667 0.000000
5.020833 0.000000
5.025000 0.000000
5.029167 0.000000
5.033333 0.000000
5.037500 0.000000
5.041667 0.000000
5.045833 0.000000
5.050000 0.000000
5.054167 0.000000
5.058333 0.000000
5.062500 0.000000
5.066667 0.000000
5.070833 0.000000
5.075000 0.000000
5.079167 0.000000
5.083333 0.000000
5.087500 0.000000
5.091667 0.000000
5.095833 0.000000
5.100000 0.000000
5.104167 0.000000
5.108333 0.000000
5.112500 0.000000
5.116667 0.000000
5.120833 0.000000
5.125000 0.000000
5.129167 0.000000
5.133333 0.000000
5.137500 0.000000
5.141667 0.000000
5.145833 0.000000
5.150000 0.000000
5.154167 0.000000
5.158333 0.000000
5.162500 0.000000
5.166667 0.000000
5.170833 0.000000
5.175000 0.000000
5.179167 0.000000
5.183333 0.000000
5.187500 0.000000
5.191667 0.000000
5.195833 0.000000
5.200000 0.000000
5.204167 0.000000
5.208333 0.000000
5.212500 0.000000
5.216667 0.000000
5.220833 0.000000
5.225000 0.000000
5.229167 0.000000
5.233333 0.000000
5.237500 0.000000
5.241667 0.000000
5.245833 0.000000
5.250000 0.000000
5.254167 0.000000
5.258333 0.000000
5.262500 0.000000
5.266667 0.000000
5.270833 0.000000
5.275000 0.000000
5.279167 0.000000
5.283333 0.000000
5.287500 0.000000
5.291667 0.000000
5.295833 0.000000
5.300000 0.000000
5.304167 0.000000
5.308333 0.000000
5.312500 0.000000
5.316667 0.000000
5.320833 0.000000
5.325000 0.000000
5.329167 0.000000
5.333333 0.000000
5.337500 0.000000
5.341667 0.000000
5.345833 0.000000
5.350000 0.000000
5.354167 0.000000
5.358333 0.000000
5.362500 0.000000
5.366667 0.000000
5.370833 0.000000
5.375000 0.000000
5.379167 0.000000
5.383333 0.000000
5.387500 0.000000
5.391667 0.000000
5.395833 0.000000
5.400000 0.000000
5.404167 0.000000
5.408333 0.000000
5.412500 0.000000
5.416667 0.000000
5.420833 0.000000
5.425000 0.000000
5.429167 0.000000
5.433333 0.000000
5.437500 0.000000
5.441667 0.000000
5.445833 0.000000
5.450000 0.000000
5.454167 0.000000
5.458333 0.000000
5.462500 0.000000
5.466667 0.000000
5.470833 0.000000
5.475000 0.000000
5.479167 0.000000
5.483333 0.000000
5.487500 0.000000
5.491667 0.000000
5.495833 0.000000
5.500000 0.000000
5.504167 0.000000
5.508333 0.000000
5.512500 0.000000
5.516667 0.000000
5.520833 0.000000
5.525000 0.000000
5.529167 0.000000
5.533333 0.000000
5.537500 0.000000
5.541667 0.000000
5.545833 0.000000
5.550000 0.000000
5.554167 0.000000
5.558333 0.000000
5.562500 0.000000
5.566667 0.000000
5.570833 0.000000
5.575000 0.000000
5.579167 0.000000
5.583333 0.000000
5.587500 0.000000
5.591667 0.000000
5.595833 0.000000
5.600000 0.000000
5.604167 0.000000
5.608333 0.000000
5.612500 0.000000
5.616667 0.000000
5.620833 0.000000
5.625000 0.000000
5.629167 0.000000
5.633333 0.000000
5.637500 0.000000
5.641667 0.000000
5.645833 0.000000
5.650000 0.000000
5.654167 0.000000
5.658333 0.000000
5.662500 0.000000
5.666667 0.000000
5.670833 0.000000
5.675000 0.000000
5.679167 0.000000
5.683333 0.000000
5.687500 0.000000
5.691667 0.000000
5.695833 0.000000
5.700000 0.000000
5.704167 0.000000
5.708333 0.000000
5.712500 0.000000
5.716667 0.000000
5.720833 0.000000
5.725000 0.000000
5.729167 0.000000
5.733333 0.000000
5.737500 0.000000
5.741667 0.000000
5.745833 0.000000
5.750000 0.000000
5.754167 0.000000
5.758333 0.000000
5.762500 0.000000
5.766667 0.000000
5.770833 0.000000
5.775000 0.000000
5.779167 0.000000
5.783333 0.000000
5.787500 0.000000
5.791667 0.000000
5.795833 0.000000
5.800000 0.000000
5.804167 0.000000
5.808333 0.000000
5.812500 0.000000
5.816667 0.000000
5.820833 0.000000
5.825000 0.000000
5.829167 0.000000
5.833333 0.000000
5.837500 0.000000
5.841667 0.000000
5.845833 0.000000
5.850000 0.000000
5.854167 0.000000
5.858333 0.000000
5.862500 0.000000
5.866667 0.000000
5.870833 0.000000
5.875000 0.000000
5.879167 0.000000
5.883333 0.000000
5.887500 0.000000
5.891667 0.000000
5.895833 0.000000
5.900000 0.000000
5.904167 0.000000
5.908333 0.000000
5.912500 0.000000
5.916667 0.000000
5.920833 0.000000
5.925000 0.000000
5.929167 0.000000
5.933333 0.000000
5.937500 0.000000
5.941667 0.000000
5.945833 0.000000
5.950000 0.000000
5.954167 0.000000
5.958333 0.000000
5.962500 0.000000
5.966667 0.000000
5.970833 0.000000
5.975000 0.000000
5.979167 0.000000
5.983333 0.000000
5.987500 0.000000
5.991667 0.000000
5.995833 0.000000
6.000000 0.000000
6.004167 0.000000
6.008333 0.000000
6.012500 0.000000
6.016667 0.000000
6.020833 0.000000
6.025000 0.000000
6.029167 0.000000
6.033333 0.000000
6.037500 0.000000
6.041667 0.000000
6.045833 0.000000
6.050000 0.000000
6.054167 0.000000
6.058333 0.000000
6.062500 0.000000
6.066667 0.000000
6.070833 0.000000
6.075000 0.000000
6.079167 0.000000
6.083333 0.000000
6.087500 0.000000
6.091667 0.000000
6.095833 0.000000
6.100000 0.000000
6.104167 0.000000
6.108333 0.000000
6.112500 0.000000
6.116667 0.000000
6.120833 0.000000
6.125000 0.000000
6.129167 0.000000
6.133333 0.000000
6.137500 0.000000
6.141667 0.000000
6.145833 0.000000
6.150000 0.000000
6.154167 0.000000
6.158333 0.000000
6.162500 0.000000
6.166667 0.000000
6.170833 0.000000
6.175000 0.000000
6.179167 0.000000
6.183333 0.000000
6.187500 0.000000
6.191667 0.000000
6.195833 0.000000
6.200000 0.000000
6.204167 0.000000
6.208333 0.000000
6.212500 0.000000
6.216667 0.000000
6.220833 0.000000
6.225000 0.000000
6.229167 0.000000
6.233333 0.000000
6.237500 0.000000
6.241667 0.000000
6.245833 0.000000
6.250000 0.000000
6.254167 0.000000
6.258333 0.000000
6.262500 0.000000
6.266667 0.000000
6.270833 0.000000
6.275000 0.000000
6.279167 0.000000
6.283333 0.000000
6.287500 0.000000
6.291667 0.000000
6.295833 0.000000
6.300000 0.000000
6.304167 0.000000
6.308333 0.000000
6.312500 0.000000
6.316667 0.000000
6.320833 0.000000
6.325000 0.000000
6.329167 0.000000
6.333333 0.000000
6.337500 0.000000
6.341667 0.000000
6.345833 0.000000
6.350000 0.000000
6.354167 0.000000
6.358333 0.000000
6.362500 0.000000
6.366667 0.000000
6.370833 0.000000
6.375000 0.000000
6.379167 0.000000
6.383333 0.000000
6.387500 0.000000
6.391667 0.000000
6.395833 0.000000
6.400000 0.000000
6.404167 0.000000
6.408333 0.000000
6.412500 0.000000
6.416667 0.000000
6.420833 0.000000
6.425000 0.000000
6.429167 0.000000
6.433333 0.000000
6.437500 0.000000
6.441667 0.000000
6.445833 0.000000
6.450000 0.000000
6.454167 0.000000
6.458333 0.000000
6.462500 0.000000
6.466667 0.000000
6.470833 0.000000
6.475000 0.000000
6.479167 0.000000
6.483333 0.000000
6.487500 0.000000
6.491667 0.000000
6.495833 0.000000
6.500000 0.000000
6.504167 0.000000
6.508333 0.000000
6.512500 0.000000
6.516667 0.000000
6.520833 0.000000
6.525000 0.000000
6.529167 0.000000
6.533333 0.000000
6.537500 0.000000
6.541667 0.000000
6.545833 0.000000
6.550000 0.000000
6.554167 0.000000
6.558333 0.000000
6.562500 0.000000
6.566667 0.000000
6.570833 0.000000
6.575000 0.000000
6.579167 0.000000
6.583333 0.000000
6.587500 0.000000
6.591667 0.000000
6.595833 0.000000
6.600000 0.000000
6.604167 0.000000
6.608333 0.000000
6.612500 0.000000
6.616667 0.000000
6.620833 0.000000
6.625000 0.000000
6.629167 0.000000
6.633333 0.000000
6.637500 0.000000
6.641667 0.000000
6.645833 0.000000
6.650000 0.000000
6.654167 0.000000
6.658333 0.000000
6.662500 0.000000
6.666667 0.000000
6.670833 0.000000
6.675000 0.000000
6.679167 0.000000
6.683333 0.000000
6.687500 0.000000
6.691667 0.000000
6.695833 0.000000
6.700000 0.000000
6.704167 0.000000
6.708333 0.000000
6.712500 0.000000
6.716667 0.000000
6.720833 0.000000
6.725000 0.000000
6.729167 0.000000
6.733333 0.000000
6.737500 0.000000
6.741667 0.000000
6.745833 0.000000
6.750000 0.000000
6.754167 0.000000
6.758333 0.000000
6.762500 0.000000
6.766667 0.000000
6.770833 0.000000
6.775000 0.000000
6.779167 0.000000
6.783333 0.000000
6.787500 0.000000
6.791667 0.000000
6.795833 0.000000
6.800000 0.000000
6.804167 0.000000
6.808333 0.000000
6.812500 0.000000
6.816667 0.000000
6.820833 0.000000
6.825000 0.000000
6.829167 0.000000
6.833333 0.000000
6.837500 0.000000
6.841667 0.000000
6.845833 0.000000
6.850000 0.000000
6.854167 0.000000
6.858333 0.000000
6.862500 0.000000
6.866667 0.000000
6.870833 0.000000
6.875000 0.000000
6.879167 0.000000
6.883333 0.000000
6.887500 0.000000
6.891667 0.000000
6.895833 0.000000
6.900000 0.000000
6.904167 0.000000
6.908333 0.000000
6.912500 0.000000
6.916667 0.000000
6.920833 0.000000
6.925000 0.000000
6.929167 0.000000
6.933333 0.000000
6.937500 0.000000
6.941667 0.000000
6.945833 0.000000
6.950000 0.000000
6.954167 0.000000
6.958333 0.000000
6.962500 0.000000
6.966667 0.000000
6.970833 0.000000
6.975000 0.000000
6.979167 0.000000
6.983333 0.000000
6.987500 0.000000
6.991667 0.000000
6.995833 0.000000
7.000000 0.000000
7.004167 0.000000
7.008333 0.000000
7.012500 0.000000
7.016667 0.000000
7.020833 0.000000
7.025000 0.000000
7.029167 0.000000
7.033333 0.000000
7.037500 0.000000
7.041667 0.000000
7.045833 0.000000
7.050000 0.000000
7.054167 0.000000
7.058333 0.000000
7.062500 0.000000
7.066667 0.000000
7.070833 0.000000
7.075000 0.000000
7.079167 0.000000
7.083333 0.000000
7.087500 0.000000
7.091667 0.000000
7.095833 0.000000
7.100000 0.000000
7.104167 0.000000
7.108333 0.000000
7.112500 0.000000
7.116667 0.000000
7.120833 0.000000
7.125000 0.751291
7.129167 8.724407
7.133333 27.471548
7.137500 40.209596
7.141667 47.276170
7.145833 53.540971
7.150000 59.495341
7.154167 64.931459
7.158333 69.383107
7.162500 72.494540
7.166667 74.934312
7.170833 77.261634
7.175000 79.097656
7.179167 80.302054
7.183333 81.030493
7.187500 81.412179
7.191667 81.499527
7.195833 81.254319
7.200000 80.616467
7.204167 79.573178
7.208333 78.136090
7.212500 76.318225
7.216667 74.131962
7.220833 71.589230
7.225000 68.700784
7.229167 65.476403
7.233333 61.925925
7.237500 58.058483
7.241667 53.882620
7.245833 49.406759
7.250000 44.639156
7.254167 39.588046
7.258333 34.262117
7.262500 28.671168
7.266667 22.826742
7.270833 16.744464
7.275000 10.448079
7.279167 3.981035
7.283333 -2.537961
7.287500 -8.730032
7.291667 -14.342535
7.295833 -20.037508
7.300000 -26.053323
7.304167 -32.178524
7.308333 -38.289868
7.312500 -44.347944
7.316667 -50.324252
7.320833 -56.182872
7.325000 -61.865460
7.329167 -67.239496
7.333333 -71.920561
7.337500 -75.421439
7.341667 -78.161796
7.345833 -81.116414
7.350000 -84.291151
7.354167 -87.348014
7.358333 -90.034618
7.362500 -92.032498
7.366667 -92.978004
7.370833 -92.824763
7.375000 -91.882358
7.379167 -90.338965
7.383333 -88.252340
7.387500 -85.660444
7.391667 -82.597137
7.395833 -79.091797
7.400000 -75.170448
7.404167 -70.856834
7.408333 -66.172618
7.412500 -61.138109
7.416667 -55.772703
7.420833 -50.096594
7.425000 -44.133493
7.429167 -37.918307
7.433333 -31.537370
7.437500 -25.132027
7.441667 -17.533074
7.445833 -6.416612
7.450000 6.590793
7.454167 19.747870
7.458333 32.630438
7.462500 45.048080
7.466667 56.655060
7.470833 66.554415
7.475000 73.737176
7.479167 78.572185
7.483333 81.679987
7.487500 83.632950
7.491667 84.873201
7.495833 85.636055
7.500000 86.039944
7.504167 86.088986
7.508333 85.630744
7.512500 84.517816
7.516667 82.743918
7.520833 80.362202
7.525000 77.423474
7.529167 73.971565
7.533333 70.045609
7.537500 65.680141
7.541667 60.905790
7.545833 55.750188
7.550000 50.238924
7.554167 44.396749
7.558333 38.247771
7.562500 31.817164
7.566667 25.133560
7.570833 18.234211
7.575000 11.178002
7.579167 4.105241
7.583333 -2.566326
7.587500 -8.578938
7.591667 -14.766684
7.595833 -21.551574
7.600000 -28.611195
7.604167 -35.700536
7.608333 -42.741108
7.612500 -49.687340
7.616667 -56.493113
7.620833 -63.097986
7.625000 -69.405295
7.629167 -75.213497
7.633333 -80.067547
7.637500 -83.822188
7.641667 -87.401745
7.645833 -91.089348
7.650000 -94.673682
7.654167 -97.822488
7.658333 -99.745765
7.662500 -99.782986
7.666667 -98.543948
7.670833 -96.562162
7.675000 -93.993913
7.679167 -90.925854
7.683333 -87.424851
7.687500 -83.544050
7.691667 -79.326660
7.695833 -74.808533
7.700000 -70.020378
7.704167 -64.988922
7.708333 -59.737959
7.712500 -54.290210
7.716667 -48.668759
7.720833 -42.900122
7.725000 -37.021950
7.729167 -31.119783
7.733333 -25.374192
7.737500 -19.166989
7.741667 -10.922840
7.745833 -1.397580
7.750000 8.368657
7.754167 18.095522
7.758333 27.700959
7.762500 37.099693
7.766667 46.109002
7.770833 54.155339
7.775000 60.281988
7.779167 64.252923
7.783333 66.707281
7.787500 68.277099
7.791667 69.298767
7.795833 69.937734
7.800000 70.279388
7.804167 70.315778
7.808333 69.903368
7.812500 68.909526
7.816667 67.333740
7.820833 65.229269
7.825000 62.645827
7.829167 59.625466
7.833333 56.204248
7.837500 52.413582
7.841667 48.281313
7.845833 43.832526
7.850000 39.090054
7.854167 34.075227
7.858333 28.809297
7.862500 23.315294
7.866667 17.620993
7.870833 11.767933
7.875000 5.854512
7.879167 0.161488
7.883333 -5.336666
7.887500 -11.549703
7.891667 -18.512691
7.895833 -25.738201
7.900000 -32.998790
7.904167 -40.229202
7.908333 -47.389852
7.912500 -54.436871
7.916667 -61.303311
7.920833 -67.838635
7.925000 -73.594899
7.929167 -77.960996
7.933333 -81.303471
7.937500 -84.697565
7.941667 -88.304117
7.945833 -91.904470
7.950000 -95.326225
7.954167 -98.225380
7.958333 -99.898363
7.962500 -99.913546
7.966667 -98.808031
7.970833 -96.979660
7.975000 -94.522786
7.979167 -91.489766
7.983333 -87.925054
7.987500 -83.866940
7.991667 -79.349567
7.995833 -74.403648
8.000000 -69.057276
8.004167 -63.336339
8.008333 -57.267293
8.012500 -50.880249
8.016667 -44.216707
8.020833 -37.374013
8.025000 -30.518453
8.029167 -22.475956
8.033333 -10.838572
8.037500 2.770689
8.041667 16.551763
8.045833 30.046395
8.050000 43.047473
8.054167 55.185871
8.058333 65.490597
8.062500 72.701919
8.066667 77.063008
8.070833 79.722540
8.075000 81.420047
8.079167 82.474637
8.083333 83.043093
8.087500 83.173250
8.091667 82.793346
8.095833 81.828593
8.100000 80.294432
8.104167 78.242761
8.108333 75.721261
8.112500 72.770337
8.116667 69.424491
8.120833 65.713534
8.125000 61.663773
8.129167 57.298684
8.133333 52.639027
8.137500 47.703568
8.141667 42.509808
8.145833 37.073899
8.150000 31.411743
8.154167 25.539628
8.158333 19.475907
8.162500 13.243942
8.166667 6.880356
8.170833 0.476761
8.175000 -5.674689
8.179167 -11.404221
8.183333 -17.328391
8.187500 -23.696317
8.191667 -30.245180
8.195833 -36.796556
8.200000 -43.288804
8.204167 -49.675042
8.208333 -55.889666
8.212500 -61.789953
8.216667 -66.984896
8.220833 -71.129188
8.225000 -74.666059
8.229167 -77.906983
8.233333 -80.811926
8.237500 -83.317828
8.241667 -85.381321
8.245833 -86.948993
8.250000 -87.949593
8.254167 -88.307709
8.258333 -87.989746
8.262500 -87.018070
8.266667 -85.423271
8.270833 -83.229713
8.275000 -80.459874
8.279167 -77.134147
8.283333 -73.271647
8.287500 -68.890384
8.291667 -64.008296
8.295833 -58.643649
8.300000 -52.815859
8.304167 -46.548143
8.308333 -39.872546
8.312500 -32.843645
8.316667 -25.605658
8.320833 -18.496206
8.325000 -10.713966
8.329167 -0.103236
8.333333 11.960638
8.337500 24.038702
8.341667 35.832933
8.345833 47.197078
8.350000 57.833613
8.354167 66.886534
8.358333 72.971782
8.362500 76.278844
8.366667 78.756957
8.370833 80.621330
8.375000 81.768074
8.379167 82.426056
8.383333 82.756433
8.387500 82.781795
8.391667 82.359837
8.395833 81.346605
8.400000 79.733213
8.404167 77.568626
8.408333 74.899987
8.412500 71.767654
8.416667 68.206751
8.420833 64.248826
8.425000 59.921831
8.429167 55.250596
8.433333 50.257745
8.437500 44.964709
8.441667 39.391784
8.445833 33.559203
8.450000 27.488249
8.454167 21.203579
8.458333 14.737525
8.462500 8.141595
8.466667 1.540396
8.470833 -4.704478
8.475000 -10.489697
8.479167 -16.709923
8.483333 -23.522807
8.487500 -30.538236
8.491667 -37.557951
8.495833 -44.518358
8.500000 -51.371467
8.504167 -58.050113
8.508333 -64.407187
8.512500 -70.091359
8.516667 -75.295113
8.520833 -81.339950
8.525000 -88.050994
8.529167 -94.419741
8.533333 -98.792575
8.537500 -99.843097
8.541667 -99.138991
8.545833 -97.800124
8.550000 -95.964644
8.554167 -93.653910
8.558333 -90.887156
8.562500 -87.682348
8.566667 -84.056385
8.570833 -80.024807
8.575000 -75.601905
8.579167 -70.801510
8.583333 -65.637005
8.587500 -60.121181
8.591667 -54.267663
8.595833 -48.091338
8.600000 -41.610424
8.604167 -34.850670
8.608333 -27.856573
8.612500 -20.747832
8.616667 -13.807928
8.620833 -6.298043
8.625000 3.820862
8.629167 15.522259
8.633333 27.424099
8.637500 39.134894
8.641667 50.483163
8.645833 61.172380
8.650000 70.474472
8.654167 77.986251
8.658333 84.075743
8.662500 87.548007
8.666667 89.123274
8.670833 89.849971
8.675000 90.045583
8.679167 89.762518
8.683333 88.978515
8.687500 87.688717
8.691667 85.904027
8.695833 83.636372
8.700000 80.897582
8.704167 77.699502
8.708333 74.052889
8.712500 69.969142
8.716667 65.459543
8.720833 60.535443
8.725000 55.208833
8.729167 49.493083
8.733333 43.403448
8.737500 36.958566
8.741667 30.182590
8.745833 23.109864
8.750000 15.794221
8.754167 8.333003
8.758333 0.960459
8.762500 -5.686126
8.766667 -11.107748
8.770833 -16.253847
8.775000 -21.882529
8.779167 -27.835747
8.783333 -33.899248
8.787500 -40.005732
8.791667 -46.124019
8.795833 -52.228449
8.800000 -58.287530
8.804167 -64.232908
8.808333 -69.781849
8.812500 -74.131143
8.816667 -76.973993
8.820833 -79.701484
8.825000 -82.740492
8.829167 -85.775620
8.833333 -88.374817
8.837500 -89.825030
8.841667 -89.683438
8.845833 -88.399783
8.850000 -86.368390
8.854167 -83.729863
8.858333 -80.570880
8.862500 -76.959060
8.866667 -72.947956
8.870833 -68.580890
8.875000 -63.893690
8.879167 -58.916591
8.883333 -53.675519
8.887500 -48.193071
8.891667 -42.489835
8.895833 -36.585614
8.900000 -30.501520
8.904167 -24.265135
8.908333 -17.938451
8.912500 -11.495477
8.916667 -2.922255
8.920833 10.909518
8.925000 27.069577
8.929167 42.846780
8.933333 56.836695
8.937500 66.836858
8.941667 72.178966
8.945833 75.319049
8.950000 77.354634
8.954167 78.574513
8.958333 79.283205
8.962500 79.646878
8.966667 79.713081
8.970833 79.410258
8.975000 78.652738
8.979167 77.431447
8.983333 75.773916
8.987500 73.707500
8.991667 71.257136
8.995833 68.444802
9.000000 65.290431
9.004167 61.812352
9.008333 58.027051
9.012500 53.949701
9.016667 49.594617
9.020833 44.975211
9.025000 40.104140
9.029167 34.994314
9.033333 29.658969
9.037500 24.112634
9.041667 18.372923
9.045833 12.464270
9.050000 6.427656
9.054167 0.368050
9.058333 -5.377233
9.062500 -10.522970
9.066667 -15.642246
9.070833 -21.191287
9.075000 -26.983384
9.079167 -32.822637
9.083333 -38.646481
9.087500 -44.422806
9.091667 -50.123163
9.095833 -55.714844
9.100000 -61.152722
9.104167 -66.362849
9.108333 -71.187053
9.112500 -75.284756
9.116667 -78.837320
9.120833 -83.441044
9.125000 -89.652353
9.129167 -95.833718
9.133333 -99.703527
9.137500 -100.424679
9.141667 -99.507483
9.145833 -97.899040
9.150000 -95.745708
9.154167 -93.096275
9.158333 -89.991548
9.162500 -86.465840
9.166667 -82.549298
9.170833 -78.267738
9.175000 -73.643415
9.179167 -68.695693
9.183333 -63.441369
9.187500 -57.895779
9.191667 -52.072709
9.195833 -45.985598
9.200000 -39.650409
9.204167 -33.105037
9.208333 -26.440633
9.212500 -19.258437
9.216667 -10.518802
9.220833 -0.627463
9.225000 9.576920
9.229167 19.759454
9.233333 29.804726
9.237500 39.601259
9.241667 48.924575
9.245833 57.173997
9.250000 63.840173
9.254167 69.211419
9.258333 72.846472
9.262500 74.965210
9.266667 76.071724
9.270833 76.440411
9.275000 76.238729
9.279167 75.561413
9.283333 74.443711
9.287500 72.900112
9.291667 70.942442
9.295833 68.581778
9.300000 65.829367
9.304167 62.695728
9.308333 59.190700
9.312500 55.323586
9.316667 51.103876
9.320833 46.541475
9.325000 41.646517
9.329167 36.429862
9.333333 30.904048
9.337500 25.084626
9.341667 18.993238
9.345833 12.663297
9.350000 6.155998
9.354167 -0.370797
9.358333 -6.464919
9.362500 -11.948587
9.366667 -17.775455
9.370833 -24.096527
9.375000 -30.542981
9.379167 -36.942351
9.383333 -43.227944
9.387500 -49.327555
9.391667 -55.091221
9.395833 -60.111341
9.400000 -63.993459
9.404167 -67.346036
9.408333 -70.995411
9.412500 -74.818037
9.416667 -78.422528
9.420833 -81.354075
9.425000 -82.968640
9.429167 -83.079816
9.433333 -82.283265
9.437500 -80.930772
9.441667 -79.080645
9.445833 -76.756068
9.450000 -73.978531
9.454167 -70.768090
9.458333 -67.142609
9.462500 -63.118860
9.466667 -58.712770
9.470833 -53.938986
9.475000 -48.811343
9.479167 -43.344071
9.483333 -37.551452
9.487500 -31.449016
9.491667 -25.055564
9.495833 -18.397169
9.500000 -11.518304
9.504167 -4.537162
9.508333 2.173039
9.512500 8.426154
9.516667 14.969786
9.520833 21.905387
9.525000 28.899757
9.529167 35.781838
9.533333 42.455615
9.537500 48.751613
9.541667 54.193744
9.545833 58.101854
9.550000 60.682558
9.554167 62.795780
9.558333 64.468659
9.562500 65.615028
9.566667 66.334346
9.570833 66.721409
9.575000 66.818066
9.579167 66.594356
9.583333 66.002130
9.587500 65.030687
9.591667 63.688973
9.595833 61.987374
9.600000 59.935495
9.604167 57.542255
9.608333 54.816614
9.612500 51.766738
9.616667 48.400606
9.620833 44.725899
9.625000 40.750063
9.629167 36.480527
9.633333 31.925554
9.637500 27.094193
9.641667 21.997283
9.645833 16.649683
9.650000 11.074352
9.654167 5.314027
9.658333 -0.515001
9.662500 -6.074283
9.666667 -11.376829
9.670833 -17.366430
9.675000 -23.887560
9.679167 -30.495393
9.683333 -37.064019
9.687500 -43.552694
9.691667 -49.913944
9.695833 -56.039678
9.700000 -61.596064
9.704167 -66.214765
9.708333 -70.344961
9.712500 -74.578681
9.716667 -78.587059
9.720833 -81.893432
9.725000 -84.156776
9.729167 -85.154018
9.733333 -85.042908
9.737500 -84.203838
9.741667 -82.817774
9.745833 -80.928872
9.750000 -78.565576
9.754167 -75.753184
9.758333 -72.514403
9.762500 -68.869798
9.766667 -64.838662
9.770833 -60.438640
9.775000 -55.686004
9.779167 -50.596139
9.783333 -45.184142
9.787500 -39.465116
9.791667 -33.455321
9.795833 -27.173624
9.800000 -20.645798
9.804167 -13.914435
9.808333 -7.090384
9.812500 -0.504838
9.816667 5.857587
9.820833 13.011886
9.825000 20.925210
9.829167 29.054894
9.833333 37.168510
9.837500 45.185694
9.841667 53.028446
9.845833 60.535840
9.850000 67.269675
9.854167 72.921428
9.858333 77.785764
9.862500 81.310947
9.866667 83.424543
9.870833 84.512486
9.875000 84.837075
9.879167 84.499451
9.883333 83.532567
9.887500 81.973558
9.891667 79.864658
9.895833 77.244906
9.900000 74.149435
9.904167 70.609430
9.908333 66.653046
9.912500 62.306283
9.916667 57.593556
9.920833 52.537835
9.925000 47.161143
9.929167 41.486193
9.933333 35.536726
9.937500 29.339209
9.941667 22.926523
9.945833 16.344419
9.950000 9.668262
9.954167 3.073415
9.958333 -2.952805
9.962500 -8.069831
9.966667 -13.139941
9.970833 -18.764185
9.975000 -24.726689
9.979167 -30.806306
9.983333 -36.936149
9.987500 -43.087201
9.991667 -49.238382
9.995833 -55.368626
10.000000 -61.448975
10.004167 -67.412700
10.008333 -73.027621
10.012500 -78.004944
10.016667 -83.133316
10.020833 -89.819778
10.025000 -97.101063
10.029167 -103.374409
10.033333 -107.631780
10.037500 -109.523852
10.041667 -109.645889
10.045833 -108.883354
10.050000 -107.585466
10.054167 -105.801429
10.058333 -103.548838
10.062500 -100.843541
10.066667 -97.700673
10.070833 -94.133284
10.075000 -90.153553
10.079167 -85.772266
10.083333 -80.998921
10.087500 -75.843086
10.091667 -70.314093
10.095833 -64.423182
10.100000 -58.188450
10.104167 -51.667982
10.108333 -44.981963
10.112500 -37.249519
10.116667 -26.676069
10.120833 -14.588915
10.125000 -2.390507
10.129167 9.598328
10.133333 21.290247
10.137500 32.600641
10.141667 43.411100
10.145833 53.529380
10.150000 62.576906
10.154167 69.718868
10.158333 74.097980
10.162500 76.440794
10.166667 78.115712
10.170833 79.199413
10.175000 79.701284
10.179167 79.735233
10.183333 79.153142
10.187500 77.797911
10.191667 75.708215
10.195833 72.990229
10.200000 69.732386
10.204167 66.004121
10.208333 61.860752
10.212500 57.347302
10.216667 52.501282
10.220833 47.354604
10.225000 41.934774
10.229167 36.266061
10.233333 30.371449
10.237500 24.273573
10.241667 17.997522
10.245833 11.577748
10.250000 5.092518
10.254167 -1.210766
10.258333 -7.188513
10.262500 -13.361780
10.266667 -19.919246
10.270833 -26.619269
10.275000 -33.304214
10.279167 -39.918156
10.283333 -46.415572
10.287500 -52.730237
10.291667 -58.716308
10.295833 -63.936554
10.300000 -67.714650
10.304167 -70.309517
10.308333 -72.950231
10.312500 -75.825255
10.316667 -78.615676
10.320833 -81.068422
10.325000 -82.882007
10.329167 -83.722737
10.333333 -83.540539
10.337500 -82.607533
10.341667 -81.107289
10.345833 -79.111846
10.350000 -76.671366
10.354167 -73.827355
10.358333 -70.614595
10.362500 -67.062770
10.366667 -63.197767
10.370833 -59.041985
10.375000 -54.615344
10.379167 -49.935735
10.383333 -45.019668
10.387500 -39.883363
10.391667 -34.544561
10.395833 -29.027323
10.400000 -23.388379
10.404167 -17.712564
10.408333 -11.110320
10.412500 -1.791700
10.416667 9.172609
10.420833 20.429189
10.425000 31.593891
10.429167 42.542340
10.433333 53.139423
10.437500 63.108254
10.441667 71.669924
10.445833 77.675269
10.450000 81.393546
10.454167 84.231219
10.458333 86.203499
10.462500 87.315978
10.466667 87.855330
10.470833 87.919176
10.475000 87.361234
10.479167 86.038925
10.483333 83.987796
10.487500 81.306326
10.491667 78.077684
10.495833 74.368141
10.500000 70.231649
10.504167 65.712682
10.508333 60.848600
10.512500 55.671469
10.516667 50.209299
10.520833 44.487001
10.525000 38.527547
10.529167 32.353260
10.533333 25.987722
10.537500 19.458817
10.541667 12.807435
10.545833 6.129171
10.550000 -0.331033
10.554167 -6.872388
10.558333 -14.599238
10.562500 -22.889981
10.566667 -31.123327
10.570833 -39.207334
10.575000 -47.087277
10.579167 -54.621455
10.583333 -61.330345
10.587500 -66.336746
10.591667 -69.589096
10.595833 -72.271961
10.600000 -74.851492
10.604167 -77.260873
10.608333 -79.420553
10.612500 -81.228758
10.616667 -82.517720
10.620833 -83.088940
10.625000 -82.908759
10.629167 -82.120390
10.633333 -80.801494
10.637500 -78.966245
10.641667 -76.621066
10.645833 -73.771574
10.650000 -70.422723
10.654167 -66.578645
10.658333 -62.244408
10.662500 -57.424369
10.666667 -52.122512
10.670833 -46.343372
10.675000 -40.093060
10.679167 -33.380853
10.683333 -26.223469
10.687500 -18.658448
10.691667 -10.810001
10.695833 -3.087075
10.700000 4.529396
10.704167 13.251359
10.708333 22.858948
10.712500 32.625558
10.716667 42.265166
10.720833 51.640448
10.725000 60.520148
10.729167 68.251272
10.733333 73.880707
10.737500 77.567371
10.741667 80.271125
10.745833 82.079140
10.750000 83.105433
10.754167 83.611493
10.758333 83.683462
10.762500 83.199695
10.766667 82.031414
10.770833 80.193768
10.775000 77.758985
10.779167 74.791816
10.783333 71.345729
10.787500 67.465450
10.791667 63.188914
10.795833 58.548783
10.800000 53.573661
10.804167 48.289003
10.808333 42.717654
10.812500 36.880542
10.816667 30.798130
10.820833 24.492090
10.825000 17.987818
10.829167 11.322445
10.833333 4.584809
10.837500 -1.944716
10.841667 -8.137345
10.845833 -14.697914
10.850000 -21.924664
10.854167 -29.475386
10.858333 -37.110377
10.862500 -44.756134
10.866667 -52.370823
10.870833 -59.906723
10.875000 -67.263191
10.879167 -74.194881
10.883333 -80.982014
10.887500 -88.418093
10.891667 -95.182752
10.895833 -100.336287
10.900000 -103.650617
10.904167 -105.068800
10.908333 -105.018619
10.912500 -104.117089
10.916667 -102.630938
10.920833 -100.623515
10.925000 -98.132097
10.929167 -95.189873
10.933333 -91.825933
10.937500 -88.065650
10.941667 -83.931967
10.945833 -79.445849
10.950000 -74.626768
10.954167 -69.492761
10.958333 -64.061619
10.962500 -58.352020
10.966667 -52.386784
10.970833 -46.200188
10.975000 -39.877677
10.979167 -33.650139
10.983333 -27.204858
10.987500 -19.231719
10.991667 -9.978034
10.995833 -0.324832
11.000000 9.360283
11.004167 18.974226
11.008333 28.456476
11.012500 37.745115
11.016667 46.758426
11.020833 55.365210
11.025000 63.291352
11.029167 69.831406
11.033333 74.005902
11.037500 76.237069
11.041667 78.190311
11.045833 79.926197
11.050000 80.982747
11.054167 81.298498
11.058333 80.903733
11.062500 79.806387
11.066667 78.041069
11.070833 75.657602
11.075000 72.701564
11.079167 69.212233
11.083333 65.225323
11.087500 60.772723
11.091667 55.883003
11.095833 50.582245
11.100000 44.894780
11.104167 38.844917
11.108333 32.457123
11.112500 25.758124
11.116667 18.782222
11.120833 11.582799
11.125000 4.289277
11.129167 -2.678667
11.133333 -8.881222
11.137500 -14.833788
11.141667 -21.090514
11.145833 -27.547023
11.150000 -34.029926
11.154167 -40.475846
11.158333 -46.840613
11.162500 -53.065419
11.166667 -59.022784
11.170833 -64.396084
11.175000 -69.327368
11.179167 -75.220808
11.183333 -82.458604
11.187500 -90.116589
11.191667 -97.362665
11.195833 -103.300286
11.200000 -106.679379
11.204167 -107.278359
11.208333 -106.499538
11.212500 -105.120665
11.216667 -103.251846
11.220833 -100.924953
11.225000 -98.168902
11.229167 -95.008849
11.233333 -91.467794
11.237500 -87.566441
11.241667 -83.323247
11.245833 -78.755213
11.250000 -73.878235
11.254167 -68.707125
11.258333 -63.255929
11.262500 -57.538658
11.266667 -51.570215
11.270833 -45.367505
11.275000 -38.953045
11.279167 -32.363386
11.283333 -25.693891
11.287500 -19.223202
11.291667 -12.824858
11.295833 -5.433323
11.300000 2.803853
11.304167 11.259944
11.308333 19.685969
11.312500 28.002733
11.316667 36.144593
11.320833 44.015808
11.325000 51.410722
11.329167 57.728367
11.333333 61.923015
11.337500 63.920797
11.341667 65.101906
11.345833 66.004013
11.350000 66.630606
11.354167 67.027926
11.358333 67.238491
11.362500 67.229800
11.366667 66.837746
11.370833 65.913090
11.375000 64.444307
11.379167 62.476618
11.383333 60.053320
11.387500 57.212319
11.391667 53.986014
11.395833 50.402215
11.400000 46.485482
11.404167 42.257895
11.408333 37.739358
11.412500 32.948006
11.416667 27.901594
11.420833 22.618441
11.425000 17.119833
11.429167 11.436588
11.433333 5.643110
11.437500 -0.003453
11.441667 -5.225034
11.445833 -10.386422
11.450000 -15.914205
11.454167 -21.687833
11.458333 -27.540180
11.462500 -33.420264
11.466667 -39.306429
11.470833 -45.183367
11.475000 -51.037044
11.479167 -56.851548
11.483333 -62.605091
11.487500 -68.261655
11.491667 -73.733430
11.495833 -78.764119
11.500000 -83.238876
11.504167 -87.616356
11.508333 -91.839486
11.512500 -95.709034
11.516667 -99.075062
11.520833 -101.621509
11.525000 -102.888304
11.529167 -102.788435
11.533333 -101.766730
11.537500 -100.104327
11.541667 -97.884618
11.545833 -95.159805
11.550000 -91.973896
11.554167 -88.364931
11.558333 -84.366108
11.562500 -80.006389
11.566667 -75.311844
11.570833 -70.306591
11.575000 -65.013550
11.579167 -59.456255
11.583333 -53.661919
11.587500 -47.669561
11.591667 -41.570049
11.595833 -35.485669
11.600000 -28.043134
11.604167 -16.554530
11.608333 -2.683068
11.612500 11.624176
11.616667 25.873108
11.620833 39.903246
11.625000 53.464981
11.629167 65.813499
11.633333 75.860014
11.637500 83.016804
11.641667 86.864950
11.645833 88.657219
11.650000 89.490809
11.654167 89.706184
11.658333 89.346249
11.662500 88.377962
11.666667 86.808751
11.670833 84.670742
11.675000 81.996254
11.679167 78.813637
11.683333 75.149761
11.687500 71.028637
11.691667 66.471928
11.695833 61.500309
11.700000 56.133407
11.704167 50.390193
11.708333 44.288908
11.712500 37.848732
11.716667 31.090743
11.720833 24.040436
11.725000 16.733126
11.729167 9.227865
11.733333 1.673260
11.737500 -5.448777
11.741667 -11.588645
11.745833 -17.279340
11.750000 -23.282389
11.754167 -29.539518
11.758333 -35.839487
11.762500 -42.095687
11.766667 -48.237865
11.770833 -54.135120
11.775000 -59.394659
11.779167 -63.406508
11.783333 -66.499286
11.787500 -69.949571
11.791667 -73.856812
11.795833 -77.818979
11.800000 -81.572870
11.804167 -84.863342
11.808333 -87.314809
11.812500 -88.535415
11.816667 -88.612003
11.820833 -88.042019
11.825000 -87.056928
11.829167 -85.678895
11.833333 -83.909054
11.837500 -81.748027
11.841667 -79.195947
11.845833 -76.252856
11.850000 -72.918472
11.854167 -69.192660
11.858333 -65.075028
11.862500 -60.565431
11.866667 -55.664015
11.870833 -50.371906
11.875000 -44.691913
11.879167 -38.631012
11.883333 -32.205297
11.887500 -25.453639
11.891667 -18.505068
11.895833 -11.763438
11.900000 -5.141851
11.904167 2.747471
11.908333 11.825246
11.912500 21.271170
11.916667 30.719243
11.920833 40.051802
11.925000 49.179238
11.929167 57.978002
11.933333 66.193953
11.937500 73.145420
11.941667 77.880372
11.945833 80.724852
11.950000 82.949999
11.954167 84.543894
11.958333 85.452962
11.962500 85.894696
11.966667 85.954975
11.970833 85.529776
11.975000 84.505531
11.979167 82.895337
11.983333 80.762984
11.987500 78.166057
11.991667 75.152074
11.995833 71.760840
12.000000 68.026245
12.004167 63.977417
12.008333 59.639652
12.012500 55.035196
12.016667 50.184152
12.020833 45.105013
12.025000 39.814813
12.029167 34.330428
12.033333 28.669220
12.037500 22.850817
12.041667 16.900371
12.045833 10.857205
12.050000 4.817071
12.054167 -0.894154
12.058333 -5.827038
12.062500 -10.297831
12.066667 -15.072779
12.070833 -20.169596
12.075000 -25.396861
12.079167 -30.688467
12.083333 -36.017268
12.087500 -41.365946
12.091667 -46.720362
12.095833 -52.065751
12.100000 -57.381645
12.104167 -62.620387
12.108333 -67.646594
12.112500 -72.587530
12.116667 -78.561728
12.120833 -86.397376
12.125000 -95.168048
12.129167 -103.333267
12.133333 -108.692359
12.137500 -110.055468
12.141667 -109.511767
12.145833 -108.382073
12.150000 -106.802582
12.154167 -104.774017
12.158333 -102.297761
12.162500 -99.374557
12.166667 -96.004746
12.170833 -92.189566
12.175000 -87.929357
12.179167 -83.225000
12.183333 -78.078384
12.187500 -72.492166
12.191667 -66.470811
12.195833 -60.022427
12.200000 -53.162074
12.204167 -45.918975
12.208333 -38.356740
12.212500 -30.661583
12.216667 -23.346633
12.220833 -16.181676
12.225000 -7.332693
12.229167 2.863522
12.233333 13.404913
12.237500 23.949432
12.241667 34.393464
12.245833 44.641888
12.250000 54.501055
12.254167 63.400391
12.258333 70.634944
12.262500 76.072528
12.266667 79.400323
12.270833 81.169193
12.275000 82.035067
12.279167 82.258950
12.283333 81.867326
12.287500 80.822548
12.291667 79.137690
12.295833 76.854228
12.300000 74.011658
12.304167 70.644933
12.308333 66.784630
12.312500 62.459148
12.316667 57.694119
12.320833 52.512534
12.325000 46.935742
12.329167 40.985090
12.333333 34.681730
12.337500 28.048467
12.341667 21.114201
12.345833 13.923823
12.350000 6.589939
12.354167 -0.499936
12.358333 -6.884563
12.362500 -12.946290
12.366667 -19.208683
12.370833 -25.610145
12.375000 -32.002637
12.379167 -38.334717
12.383333 -44.576142
12.387500 -50.696335
12.391667 -56.657134
12.395833 -62.403547
12.400000 -67.844733
12.404167 -72.794103
12.408333 -76.927998
12.412500 -80.870636
12.416667 -86.318334
12.420833 -92.286399
12.425000 -97.424429
12.429167 -100.525326
12.433333 -100.974820
12.437500 -99.915983
12.441667 -98.103090
12.445833 -95.664994
12.450000 -92.652853
12.454167 -89.110988
12.458333 -85.077521
12.462500 -80.585989
12.466667 -75.666589
12.470833 -70.347045
12.475000 -64.652818
12.479167 -58.607463
12.483333 -52.234965
12.487500 -45.561283
12.491667 -38.617908
12.495833 -31.452592
12.500000 -24.180992
12.504167 -17.159322
12.508333 -10.539665
12.512500 -3.464621
12.516667 4.333876
12.520833 12.429179
12.525000 20.553146
12.529167 28.620091
12.533333 36.575627
12.537500 44.357883
12.541667 51.872101
12.545833 58.914020
12.550000 64.913307
12.554167 69.033673
12.558333 71.570425
12.562500 73.750185
12.566667 75.432339
12.570833 76.348463
12.575000 76.603126
12.579167 76.259185
12.583333 75.312979
12.587500 73.783052
12.591667 71.704771
12.595833 69.112298
12.600000 66.035202
12.604167 62.500861
12.608333 58.533622
12.612500 54.155276
12.616667 49.386235
12.620833 44.245636
12.625000 38.751443
12.629167 32.922004
12.633333 26.777829
12.637500 20.344199
12.641667 13.660426
12.645833 6.827506
12.650000 0.182725
12.654167 -6.011545
12.658333 -12.408042
12.662500 -19.455955
12.666667 -26.858803
12.670833 -34.353043
12.675000 -41.854289
12.679167 -49.317029
12.683333 -56.696276
12.687500 -63.928177
12.691667 -70.871122
12.695833 -77.089046
12.700000 -81.957634
12.704167 -85.753581
12.708333 -89.416802
12.712500 -93.059181
12.716667 -96.466515
12.720833 -99.499887
12.725000 -102.006648
12.729167 -103.761682
12.733333 -104.539766
12.737500 -104.372620
12.741667 -103.504348
12.745833 -102.060521
12.750000 -100.069284
12.754167 -97.547520
12.758333 -94.511988
12.762500 -90.977988
12.766667 -86.960148
12.770833 -82.472533
12.775000 -77.529301
12.779167 -72.145020
12.783333 -66.335423
12.787500 -60.118808
12.791667 -53.518682
12.795833 -46.570453
12.800000 -39.337218
12.804167 -31.983990
12.808333 -24.942425
12.812500 -17.866205
12.816667 -8.943274
12.820833 1.368105
12.825000 12.009217
12.829167 22.632369
12.833333 33.138528
12.837500 43.448702
12.841667 53.449619
12.845833 62.896302
12.850000 71.174882
12.854167 78.034103
12.858333 83.925284
12.862500 87.616777
12.866667 89.449402
12.870833 90.310295
12.875000 90.527830
12.879167 90.135300
12.883333 89.093557
12.887500 87.417299
12.891667 85.149547
12.895833 82.332827
12.900000 79.004498
12.904167 75.197321
12.908333 70.941230
12.912500 66.263852
12.916667 61.190439
12.920833 55.744865
12.925000 49.950245
12.929167 43.829055
12.933333 37.404771
12.937500 30.703648
12.941667 23.757209
12.945833 16.608900
12.950000 9.330127
12.954167 2.090960
12.958333 -4.589103
12.962500 -10.100930
12.966667 -14.963165
12.970833 -20.057836
12.975000 -25.408590
12.979167 -30.826921
12.983333 -36.245770
12.987500 -41.633024
12.991667 -46.963058
12.995833 -52.209611
13.000000 -57.340542
13.004167 -62.310229
13.008333 -67.043698
13.012500 -71.385225
13.016667 -75.008261
13.020833 -77.993912
13.025000 -81.288424
13.029167 -84.715331
13.033333 -87.528968
13.037500 -89.342993
13.041667 -90.029884
13.045833 -89.668536
13.050000 -88.494288
13.054167 -86.707246
13.058333 -84.433471
13.062500 -81.759311
13.066667 -78.748057
13.070833 -75.447768
13.075000 -71.895878
13.079167 -68.122354
13.083333 -64.151764
13.087500 -60.004678
13.091667 -55.698602
13.095833 -51.248848
13.100000 -46.669499
13.104167 -41.973778
13.108333 -37.175349
13.112500 -32.290200
13.116667 -27.341118
13.120833 -22.382000
13.125000 -17.520529
13.129167 -12.234716
13.133333 -5.292387
13.137500 2.716303
13.141667 10.947016
13.145833 19.160281
13.150000 27.296130
13.154167 35.311707
13.158333 43.153755
13.162500 50.736426
13.166667 57.868001
13.170833 64.070507
13.175000 69.148915
13.179167 73.562281
13.183333 76.547884
13.187500 78.179383
13.191667 78.984255
13.195833 79.210580
13.200000 78.923958
13.204167 78.128485
13.208333 76.844632
13.212500 75.105434
13.216667 72.941142
13.220833 70.378940
13.225000 67.442808
13.229167 64.154004
13.233333 60.532241
13.237500 56.595277
13.241667 52.359292
13.245833 47.839203
13.250000 43.048914
13.254167 38.002364
13.258333 32.713297
13.262500 27.196180
13.266667 21.468014
13.270833 15.551357
13.275000 9.483260
13.279167 3.359136
13.283333 -2.507331
13.287500 -7.852365
13.291667 -13.212667
13.295833 -18.984806
13.300000 -24.976692
13.304167 -31.000807
13.308333 -36.991408
13.312500 -42.903400
13.316667 -48.677714
13.320833 -54.188640
13.325000 -59.094937
13.329167 -63.190290
13.333333 -67.243434
13.337500 -71.791124
13.341667 -76.317696
13.345833 -80.223308
13.350000 -83.026353
13.354167 -84.324457
13.358333 -84.220641
13.362500 -83.215688
13.366667 -81.579140
13.370833 -79.389324
13.375000 -76.695790
13.379167 -73.540626
13.383333 -69.960870
13.387500 -65.988766
13.391667 -61.652506
13.395833 -56.977226
13.400000 -51.985990
13.404167 -46.700748
13.408333 -41.142960
13.412500 -35.335293
13.416667 -29.305316
13.420833 -23.093884
13.425000 -16.798625
13.429167 -10.732865
13.433333 -5.143385
13.437500 0.575899
13.441667 6.881731
13.445833 13.506326
13.450000 20.195490
13.454167 26.867331
13.458333 33.479730
13.462500 39.995747
13.466667 46.373434
13.470833 52.555336
13.475000 58.448545
13.479167 63.860181
13.483333 68.377402
13.487500 71.997955
13.491667 75.430457
13.495833 77.971747
13.500000 79.258391
13.504167 79.591739
13.508333 79.137665
13.512500 77.934339
13.516667 76.059803
13.520833 73.606819
13.525000 70.650840
13.529167 67.252244
13.533333 63.460407
13.537500 59.316198
13.541667 54.854104
13.545833 50.103869
13.550000 45.091542
13.554167 39.840430
13.558333 34.372528
13.562500 28.709401
13.566667 22.874082
13.570833 16.894495
13.575000 10.812110
13.579167 4.723793
13.583333 -1.061332
13.587500 -6.236933
13.591667 -11.235125
13.595833 -16.498625
13.600000 -21.945870
13.604167 -27.445259
13.608333 -32.957701
13.612500 -38.467143
13.616667 -43.962686
13.620833 -49.435069
13.625000 -54.874998
13.629167 -60.271969
13.633333 -65.612699
13.637500 -70.879022
13.641667 -76.043267
13.645833 -81.057275
13.650000 -85.808280
13.654167 -89.967928
13.658333 -93.176918
13.662500 -96.065798
13.666667 -99.669564
13.670833 -103.435428
13.675000 -106.280059
13.679167 -107.595380
13.683333 -107.550459
13.687500 -106.689788
13.691667 -105.272304
13.695833 -103.360686
13.700000 -100.991408
13.704167 -98.196915
13.708333 -95.005464
13.712500 -91.441864
13.716667 -87.528532
13.720833 -83.286030
13.725000 -78.734581
13.729167 -73.896542
13.733333 -68.801488
13.737500 -63.518083
13.741667 -58.021174
13.745833 -50.098189
13.750000 -36.274342
13.754167 -19.641694
13.758333 -2.863959
13.762500 13.613531
13.766667 29.628197
13.770833 44.835921
13.775000 58.154100
13.779167 67.635642
13.783333 72.950459
13.787500 76.201647
13.791667 78.335307
13.795833 79.646990
13.800000 80.423251
13.804167 80.826180
13.808333 80.905889
13.812500 80.590806
13.816667 79.785283
13.820833 78.463474
13.825000 76.635210
13.829167 74.313030
13.833333 71.508805
13.837500 68.234771
13.841667 64.502316
13.845833 60.322768
13.850000 55.707387
13.854167 50.667631
13.858333 45.215527
13.862500 39.364897
13.866667 33.131782
13.870833 26.536346
13.875000 19.607060
13.879167 12.388415
13.883333 4.961907
13.887500 -2.467709
13.891667 -9.314001
13.895833 -15.143162
13.900000 -20.842244
13.904167 -26.906350
13.908333 -33.137078
13.912500 -39.370740
13.916667 -45.550160
13.920833 -51.632005
13.925000 -57.555575
13.929167 -63.188195
13.933333 -68.117951
13.937500 -71.610677
13.941667 -73.710384
13.945833 -75.612914
13.950000 -77.706290
13.954167 -79.859547
13.958333 -81.975626
13.962500 -83.952493
13.966667 -85.572690
13.970833 -86.424212
13.975000 -86.237947
13.979167 -85.242049
13.983333 -83.652573
13.987500 -81.557229
13.991667 -79.015782
13.995833 -76.077052
14.000000 -72.781537
14.004167 -69.163297
14.008333 -65.251472
14.012500 -61.071811
14.016667 -56.647332
14.020833 -51.998954
14.025000 -47.147286
14.029167 -42.113823
14.033333 -36.924201
14.037500 -31.615576
14.041667 -26.273880
14.045833 -21.037150
14.050000 -14.879934
14.054167 -5.607858
14.058333 5.646122
14.062500 17.300585
14.066667 28.880194
14.070833 40.232194
14.075000 51.200218
14.079167 61.476277
14.083333 70.254332
14.087500 76.563952
14.091667 80.642124
14.095833 83.135170
14.100000 84.600961
14.104167 85.441284
14.108333 85.868362
14.112500 85.929004
14.116667 85.502268
14.120833 84.462349
14.125000 82.809559
14.129167 80.597365
14.133333 77.876765
14.137500 74.691462
14.141667 71.079184
14.145833 67.072988
14.150000 62.702270
14.154167 57.993470
14.158333 52.970672
14.162500 47.656487
14.166667 42.072810
14.170833 36.241588
14.175000 30.186161
14.179167 23.933952
14.183333 17.521331
14.187500 11.006500
14.191667 4.527285
14.195833 -1.554757
14.200000 -7.354314
14.204167 -14.035306
14.208333 -21.353379
14.212500 -28.769338
14.216667 -36.154075
14.220833 -43.479849
14.225000 -50.725958
14.229167 -57.867012
14.233333 -64.865816
14.237500 -71.658086
14.241667 -78.092990
14.245833 -83.774598
14.250000 -88.626700
14.254167 -93.894377
14.258333 -99.838589
14.262500 -104.529931
14.266667 -106.697477
14.270833 -106.829546
14.275000 -105.933023
14.279167 -104.418905
14.283333 -102.353003
14.287500 -99.763670
14.291667 -96.677421
14.295833 -93.117939
14.300000 -89.106766
14.304167 -84.663150
14.308333 -79.804856
14.312500 -74.548939
14.316667 -68.911502
14.320833 -62.907670
14.325000 -56.553246
14.329167 -49.866068
14.333333 -42.869002
14.337500 -35.599338
14.341667 -28.157703
14.345833 -20.858563
14.350000 -13.666836
14.354167 -5.568124
14.358333 3.355847
14.362500 12.520028
14.366667 21.681577
14.370833 30.766300
14.375000 39.716930
14.379167 48.451950
14.383333 56.789821
14.387500 64.246368
14.391667 70.570188
14.395833 75.981208
14.400000 79.387310
14.404167 81.162791
14.408333 82.127930
14.412500 82.609568
14.416667 82.678381
14.420833 82.209021
14.425000 81.071868
14.429167 79.277544
14.433333 76.892962
14.437500 73.979004
14.441667 70.586462
14.445833 66.758358
14.450000 62.531889
14.454167 57.939297
14.458333 53.008889
14.462500 47.766428
14.466667 42.235446
14.470833 36.438140
14.475000 30.396812
14.479167 24.135804
14.483333 17.685079
14.487500 11.089871
14.491667 4.458053
14.495833 -1.856388
14.500000 -7.444572
14.504167 -12.690945
14.508333 -18.132095
14.512500 -23.723189
14.516667 -29.322750
14.520833 -34.884723
14.525000 -40.386833
14.529167 -45.810739
14.533333 -51.137687
14.537500 -56.345864
14.541667 -61.407528
14.545833 -66.284833
14.550000 -70.922208
14.554167 -75.229523
14.558333 -79.034781
14.562500 -81.972370
14.566667 -83.616607
14.570833 -84.191304
14.575000 -84.468919
14.579167 -84.693235
14.583333 -84.521435
14.587500 -83.332388
14.591667 -81.012437
14.595833 -77.918668
14.600000 -74.349163
14.604167 -70.452772
14.608333 -66.310972
14.612500 -61.974565
14.616667 -57.477597
14.620833 -52.844140
14.625000 -48.091905
14.629167 -43.233852
14.633333 -38.279285
14.637500 -33.234528
14.641667 -28.102100
14.645833 -22.837711
14.650000 -17.029100
14.654167 -9.962475
14.658333 -1.856479
14.662500 6.618174
14.666667 15.137538
14.670833 23.606173
14.675000 31.969552
14.679167 40.173146
14.683333 48.146083
14.687500 55.775094
14.691667 62.821983
14.695833 68.675622
14.700000 72.533459
14.704167 74.711567
14.708333 76.297222
14.712500 77.400211
14.716667 77.966728
14.720833 78.043027
14.725000 77.489051
14.729167 76.146772
14.733333 74.021362
14.737500 71.186722
14.741667 67.711042
14.745833 63.651794
14.750000 59.058288
14.754167 53.973701
14.758333 48.436480
14.762500 42.481381
14.766667 36.141289
14.770833 29.449542
14.775000 22.443940
14.779167 15.177639
14.783333 7.771184
14.787500 0.588665
14.791667 -6.177501
14.795833 -13.167311
14.800000 -20.364362
14.804167 -27.536690
14.808333 -34.627432
14.812500 -41.615756
14.816667 -48.476022
14.820833 -55.168547
14.825000 -61.623508
14.829167 -67.680046
14.833333 -72.954675
14.837500 -77.541468
14.841667 -82.658169
14.845833 -88.303327
14.850000 -93.948818
14.854167 -99.292953
14.858333 -103.851592
14.862500 -106.633712
14.866667 -107.177643
14.870833 -106.557872
14.875000 -105.430316
14.879167 -103.873132
14.883333 -101.898358
14.887500 -99.517175
14.891667 -96.740548
14.895833 -93.579090
14.900000 -90.042332
14.904167 -86.139853
14.908333 -81.881080
14.912500 -77.275204
14.916667 -72.332002
14.920833 -67.061608
14.925000 -61.475861
14.929167 -55.589415
14.933333 -49.422084
14.937500 -43.004720
14.941667 -36.393984
14.945833 -29.739221
14.950000 -23.409876
14.954167 -16.918076
14.958333 -8.398562
14.962500 1.527213
14.966667 11.730788
14.970833 21.865630
14.975000 31.818643
14.979167 41.470218
14.983333 50.575743
14.987500 58.490350
14.991667 64.609671
14.995833 69.274602
15.000000 72.447073
15.004167 74.428513
15.008333 75.635723
15.012500 76.278348
15.016667 76.407530
15.020833 75.904727
15.025000 74.643255
15.029167 72.623336
15.033333 69.901531
15.037500 66.531741
15.041667 62.560228
15.045833 58.028745
15.050000 52.974181
15.054167 47.429395
15.058333 41.424923
15.062500 34.990213
15.066667 28.155460
15.070833 20.955839
15.075000 13.441434
15.079167 5.730962
15.083333 -1.787740
15.087500 -8.774280
15.091667 -15.838484
15.095833 -23.396972
15.100000 -31.187636
15.104167 -38.969533
15.108333 -46.631363
15.112500 -54.016338
15.116667 -60.717578
15.120833 -66.527497
15.125000 -72.337523
15.129167 -78.577783
15.133333 -84.800295
15.137500 -90.511581
15.141667 -95.080585
15.145833 -97.614332
15.150000 -98.001273
15.154167 -97.274404
15.158333 -95.982334
15.162500 -94.186429
15.166667 -91.894603
15.170833 -89.114018
15.175000 -85.851059
15.179167 -82.111623
15.183333 -77.902366
15.187500 -73.228750
15.191667 -68.096164
15.195833 -62.510805
15.200000 -56.479147
15.204167 -50.008660
15.208333 -43.108893
15.212500 -35.794767
15.216667 -28.092081
15.220833 -20.052739
15.225000 -11.831471
15.229167 -3.923194
15.233333 3.478864
15.237500 11.424689
15.241667 19.921199
15.245833 28.473356
15.250000 36.876245
15.254167 45.037147
15.258333 52.838818
15.262500 60.040755
15.266667 66.084394
15.270833 70.678519
15.275000 74.484877
15.279167 77.267606
15.283333 78.950936
15.287500 79.930809
15.291667 80.499756
15.295833 80.786743
15.300000 80.767807
15.304167 80.226320
15.308333 78.986520
15.312500 77.077202
15.316667 74.596022
15.320833 71.624679
15.325000 68.226672
15.329167 64.452517
15.333333 60.343390
15.337500 55.933462
15.341667 51.251570
15.345833 46.322396
15.350000 41.167634
15.354167 35.807191
15.358333 30.259736
15.362500 24.544182
15.366667 18.682163
15.370833 12.704399
15.375000 6.682367
15.379167 0.841282
15.383333 -4.719327
15.387500 -10.597028
15.391667 -17.068725
15.395833 -23.826360
15.400000 -30.644332
15.404167 -37.453481
15.408333 -44.217293
15.412500 -50.901484
15.416667 -57.463014
15.420833 -63.833510
15.425000 -69.860226
15.429167 -75.172556
15.433333 -79.848731
15.437500 -85.160797
15.441667 -91.236225
15.445833 -97.131865
15.450000 -101.854547
15.454167 -104.414579
15.458333 -104.713044
15.462500 -103.776334
15.466667 -102.149967
15.470833 -99.904300
15.475000 -97.057359
15.479167 -93.626912
15.483333 -89.628968
15.487500 -85.080179
15.491667 -79.996851
15.495833 -74.395418
15.500000 -68.294904
15.504167 -61.717326
15.508333 -54.691157
15.512500 -47.259780
15.516667 -39.500827
15.520833 -31.613268
15.525000 -24.070718
15.529167 -16.199297
15.533333 -5.688563
15.537500 6.312851
15.541667 18.395993
15.545833 30.237844
15.550000 41.690062
15.554167 52.464621
15.558333 61.720841
15.562500 68.056450
15.566667 71.361027
15.570833 73.273891
15.575000 74.641102
15.579167 75.631592
15.583333 76.343740
15.587500 76.841517
15.591667 77.166841
15.595833 77.339623
15.600000 77.279784
15.604167 76.726269
15.608333 75.464326
15.612500 73.496483
15.616667 70.907503
15.620833 67.773287
15.625000 64.155108
15.629167 60.103362
15.633333 55.660382
15.637500 50.862429
15.641667 45.741120
15.645833 40.324502
15.650000 34.638225
15.654167 28.707061
15.658333 22.557022
15.662500 16.218640
15.666667 9.735931
15.670833 3.210495
15.675000 -3.034469
15.679167 -8.700174
15.683333 -14.276263
15.687500 -20.183886
15.691667 -26.274776
15.695833 -32.380519
15.700000 -38.442778
15.704167 -44.423985
15.708333 -50.280691
15.712500 -55.945642
15.716667 -61.271937
15.720833 -65.866553
15.725000 -69.362819
15.729167 -72.403772
15.733333 -75.822779
15.737500 -79.285759
15.741667 -82.046759
15.745833 -83.443881
15.750000 -83.366687
15.754167 -82.314473
15.758333 -80.588809
15.762500 -78.270435
15.766667 -75.407191
15.770833 -72.040426
15.775000 -68.205337
15.779167 -63.931741
15.783333 -59.245745
15.787500 -54.170350
15.791667 -48.725513
15.795833 -42.929065
15.800000 -36.797717
15.804167 -30.350814
15.808333 -23.631645
15.812500 -16.776023
15.816667 -9.653405
15.820833 -1.473702
15.825000 7.801337
15.829167 17.511652
15.833333 27.268456
15.837500 36.939539
15.841667 46.430879
15.845833 55.618557
15.850000 64.250243
15.854167 71.750844
15.858333 78.137805
15.862500 84.127178
15.866667 88.014050
15.870833 89.754297
15.875000 90.247283
15.879167 89.900737
15.883333 88.848084
15.887500 87.153483
15.891667 84.868026
15.895833 82.036292
15.900000 78.698339
15.904167 74.889336
15.908333 70.640372
15.912500 65.979635
15.916667 60.933134
15.920833 55.525046
15.925000 49.778096
15.929167 43.714679
15.933333 37.357595
15.937500 30.731650
15.941667 23.866281
15.945833 16.801381
15.950000 9.601799
15.954167 2.423074
15.958333 -4.247864
15.962500 -9.812640
15.966667 -14.648433
15.970833 -19.462429
15.975000 -24.372514
15.979167 -29.302750
15.983333 -34.223509
15.987500 -39.118871
15.991667 -43.973221
15.995833 -48.766127
16.000000 -53.464172
16.004167 -57.987119
16.008333 -62.279037
16.012500 -67.870374
16.016667 -77.295365
16.020833 -87.914922
16.025000 -96.342296
16.029167 -100.824239
16.033333 -101.877691
16.037500 -101.634955
16.041667 -101.062063
16.045833 -100.237802
16.050000 -99.147068
16.054167 -97.772129
16.058333 -96.093708
16.062500 -94.089934
16.066667 -91.736028
16.070833 -89.003566
16.075000 -85.860172
16.079167 -82.269448
16.083333 -78.188729
16.087500 -73.568623
16.091667 -68.353845
16.095833 -62.483903
16.100000 -55.901714
16.104167 -48.588652
16.108333 -40.728598
16.112500 -33.058199
16.116667 -25.156063
16.120833 -14.237679
16.125000 -1.223197
16.129167 12.168912
16.133333 25.390736
16.137500 38.215094
16.141667 50.285255
16.145833 60.595362
16.150000 67.338376
16.154167 70.407115
16.158333 72.326673
16.162500 73.696404
16.166667 74.379307
16.170833 74.438698
16.175000 73.693921
16.179167 71.972224
16.183333 69.349638
16.187500 65.977843
16.191667 61.977326
16.195833 57.438820
16.200000 52.432732
16.204167 47.015418
16.208333 41.233302
16.212500 35.126286
16.216667 28.730047
16.220833 22.079931
16.225000 15.218138
16.229167 8.228207
16.233333 1.385310
16.237500 -4.959270
16.241667 -11.112219
16.245833 -17.615412
16.250000 -24.376330
16.254167 -31.200357
16.258333 -38.023240
16.262500 -44.813529
16.266667 -51.544466
16.270833 -58.186032
16.275000 -64.697073
16.279167 -71.009931
16.283333 -76.971793
16.287500 -82.093990
16.291667 -85.321995
16.295833 -86.258351
16.300000 -86.288048
16.304167 -86.222924
16.308333 -86.154561
16.312500 -86.091786
16.316667 -86.032216
16.320833 -85.848473
16.325000 -85.167969
16.329167 -83.677959
16.333333 -81.365826
16.337500 -78.334172
16.341667 -74.674825
16.345833 -70.461528
16.350000 -65.754716
16.354167 -60.605475
16.358333 -55.058184
16.362500 -49.152277
16.366667 -42.925808
16.370833 -36.419182
16.375000 -29.684996
16.379167 -22.834356
16.383333 -16.129778
16.387500 -9.127685
16.391667 -0.288196
16.395833 9.860958
16.400000 20.281653
16.404167 30.597831
16.408333 40.647236
16.412500 50.175333
16.416667 58.526981
16.420833 65.090241
16.425000 70.109513
16.429167 73.327119
16.433333 75.176567
16.437500 76.246066
16.441667 76.798612
16.445833 76.908474
16.450000 76.488146
16.454167 75.439718
16.458333 73.774583
16.462500 71.548789
16.466667 68.813389
16.470833 65.611659
16.475000 61.981401
16.479167 57.955166
16.483333 53.561261
16.487500 48.824747
16.491667 43.768136
16.495833 38.412537
16.500000 32.778057
16.504167 26.885444
16.508333 20.758708
16.512500 14.432444
16.516667 7.989784
16.520833 1.749426
16.525000 -3.657181
16.529167 -8.118237
16.533333 -12.349007
16.537500 -16.611152
16.541667 -20.854266
16.545833 -25.048257
16.550000 -29.172621
16.554167 -33.203689
16.558333 -37.108033
16.562500 -40.830378
16.566667 -44.253446
16.570833 -47.149699
16.575000 -49.809790
16.579167 -53.319586
16.583333 -57.375858
16.587500 -61.208067
16.591667 -64.413301
16.595833 -66.672334
16.600000 -67.726811
16.604167 -67.736473
16.608333 -67.148251
16.612500 -66.179911
16.616667 -64.882458
16.620833 -63.285015
16.625000 -61.412298
16.629167 -59.285411
16.633333 -56.922826
16.637500 -54.341015
16.641667 -51.554394
16.645833 -48.575683
16.650000 -45.416337
16.654167 -42.086785
16.658333 -38.596502
16.662500 -34.954224
16.666667 -31.168426
16.670833 -27.247388
16.675000 -23.199613
16.679167 -19.034879
16.683333 -14.765900
16.687500 -10.412967
16.691667 -6.028940
16.695833 -1.879434
16.700000 1.075806
16.704167 2.020778
