0.004167 0.000000
0.008333 0.000000
0.012500 0.000000
0.016667 0.000000
0.020833 0.000000
0.025000 0.000000
0.029167 0.000000
0.033333 0.000000
0.037500 0.000000
0.041667 0.000000
0.045833 0.000000
0.050000 0.000000
0.054167 0.000000
0.058333 0.000000
0.062500 0.000000
0.066667 0.000000
0.070833 0.000000
0.075000 0.000000
0.079167 0.000000
0.083333 0.000000
0.087500 0.000000
0.091667 0.000000
0.095833 0.000000
0.100000 0.000000
0.104167 0.000000
0.108333 0.000000
0.112500 0.000000
0.116667 0.000000
0.120833 0.000000
0.125000 0.000000
0.129167 0.000000
0.133333 0.000000
0.137500 0.000000
0.141667 0.000000
0.145833 0.000000
0.150000 0.000000
0.154167 0.000000
0.158333 0.000000
0.162500 0.000000
0.166667 0.000000
0.170833 0.000000
0.175000 0.000000
0.179167 0.000000
0.183333 0.000000
0.187500 0.000000
0.191667 0.000000
0.195833 0.000000
0.200000 0.000000
0.204167 0.000000
0.208333 0.000000
0.212500 0.000000
0.216667 0.000000
0.220833 0.000000
0.225000 0.000000
0.229167 0.000000
0.233333 0.000000
0.237500 0.000000
0.241667 0.000000
0.245833 0.000000
0.250000 0.000000
0.254167 0.000000
0.258333 0.000000
0.262500 0.000000
0.266667 0.000000
0.270833 0.000000
0.275000 0.000000
0.279167 0.000000
0.283333 0.000000
0.287500 0.000000
0.291667 0.000000
0.295833 0.000000
0.300000 0.000000
0.304167 0.000000
0.308333 0.000000
0.312500 0.000000
0.316667 0.000000
0.320833 0.000000
0.325000 0.000000
0.329167 0.000000
0.333333 0.000000
0.337500 0.000000
0.341667 0.000000
0.345833 0.000000
0.350000 0.000000
0.354167 0.000000
0.358333 0.000000
0.362500 0.000000
0.366667 0.000000
0.370833 0.000000
0.375000 0.000000
0.379167 0.000000
0.383333 0.000000
0.387500 0.000000
0.391667 0.000000
0.395833 0.000000
0.400000 0.000000
0.404167 0.000000
0.408333 0.000000
0.412500 0.000000
0.416667 0.000000
0.420833 0.000000
0.425000 0.000000
0.429167 0.000000
0.433333 0.000000
0.437500 0.000000
0.441667 0.000000
0.445833 0.000000
0.450000 0.000000
0.454167 0.000000
0.458333 0.000000
0.462500 0.000000
0.466667 0.000000
0.470833 0.000000
0.475000 0.000000
0.479167 0.000000
0.483333 0.000000
0.487500 0.000000
0.491667 0.000000
0.495833 0.000000
0.500000 0.000000
0.504167 0.000000
0.508333 0.000000
0.512500 0.000000
0.516667 0.000000
0.520833 0.000000
0.525000 0.000000
0.529167 0.000000
0.533333 0.000000
0.537500 0.000000
0.541667 0.000000
0.545833 0.000000
0.550000 0.000000
0.554167 0.000000
0.558333 0.000000
0.562500 0.000000
0.566667 0.000000
0.570833 0.000000
0.575000 0.000000
0.579167 0.000000
0.583333 0.000000
0.587500 0.000000
0.591667 0.000000
0.595833 0.000000
0.600000 0.000000
0.604167 0.000000
0.608333 0.000000
0.612500 0.000000
0.616667 0.000000
0.620833 0.000000
0.625000 0.000000
0.629167 0.000000
0.633333 0.000000
0.637500 0.000000
0.641667 0.000000
0.645833 0.000000
0.650000 0.000000
0.654167 0.000000
0.658333 0.000000
0.662500 0.000000
0.666667 0.000000
0.670833 0.000000
0.675000 0.000000
0.679167 0.000000
0.683333 0.000000
0.687500 0.000000
0.691667 0.000000
0.695833 0.000000
0.700000 0.000000
0.704167 0.000000
0.708333 0.000000
0.712500 0.000000
0.716667 0.000000
0.720833 0.000000
0.725000 0.000000
0.729167 0.000000
0.733333 0.000000
0.737500 0.000000
0.741667 0.000000
0.745833 0.000000
0.750000 0.000000
0.754167 0.000000
0.758333 0.000000
0.762500 0.000000
0.766667 0.000000
0.770833 0.000000
0.775000 0.000000
0.779167 0.000000
0.783333 0.000000
0.787500 0.000000
0.791667 0.000000
0.795833 0.000000
0.800000 0.000000
0.804167 0.000000
0.808333 0.000000
0.812500 0.000000
0.816667 0.000000
0.820833 0.000000
0.825000 0.000000
0.829167 0.000000
0.833333 0.000000
0.837500 0.000000
0.841667 0.000000
0.845833 0.000000
0.850000 0.000000
0.854167 0.000000
0.858333 0.000000
0.862500 0.000000
0.866667 0.000000
0.870833 0.000000
0.875000 0.000000
0.879167 0.000000
0.883333 0.000000
0.887500 0.000000
0.891667 0.000000
0.895833 0.000000
0.900000 0.000000
0.904167 0.000000
0.908333 0.000000
0.912500 0.000000
0.916667 0.000000
0.920833 0.000000
0.925000 0.000000
0.929167 0.000000
0.933333 0.000000
0.937500 0.000000
0.941667 0.000000
0.945833 0.000000
0.950000 0.000000
0.954167 0.000000
0.958333 0.000000
0.962500 0.000000
0.966667 0.000000
0.970833 0.000000
0.975000 0.000000
0.979167 0.000000
0.983333 0.000000
0.987500 0.000000
0.991667 0.000000
0.995833 0.000000
1.000000 0.000000
1.004167 0.000000
1.008333 0.000000
1.012500 0.000000
1.016667 0.000000
1.020833 0.000000
1.025000 0.000000
1.029167 0.000000
1.033333 0.000000
1.037500 0.000000
1.041667 0.000000
1.045833 0.000000
1.050000 0.000000
1.054167 0.000000
1.058333 0.000000
1.062500 0.000000
1.066667 0.000000
1.070833 0.000000
1.075000 0.000000
1.079167 0.000000
1.083333 0.000000
1.087500 0.000000
1.091667 0.000000
1.095833 0.000000
1.100000 0.000000
1.104167 0.000000
1.108333 0.000000
1.112500 0.000000
1.116667 0.000000
1.120833 0.000000
1.125000 0.000000
1.129167 0.000000
1.133333 0.000000
1.137500 0.000000
1.141667 0.000000
1.145833 0.000000
1.150000 0.000000
1.154167 0.000000
1.158333 0.000000
1.162500 0.000000
1.166667 0.000000
1.170833 0.000000
1.175000 0.000000
1.179167 0.000000
1.183333 0.000000
1.187500 0.000000
1.191667 0.000000
1.195833 0.000000
1.200000 0.000000
1.204167 0.000000
1.208333 0.000000
1.212500 0.000000
1.216667 0.000000
1.220833 0.000000
1.225000 0.000000
1.229167 0.000000
1.233333 0.000000
1.237500 0.000000
1.241667 0.000000
1.245833 0.000000
1.250000 0.000000
1.254167 0.000000
1.258333 0.000000
1.262500 0.000000
1.266667 0.000000
1.270833 0.000000
1.275000 0.000000
1.279167 0.000000
1.283333 0.000000
1.287500 0.000000
1.291667 0.000000
1.295833 0.000000
1.300000 0.000000
1.304167 0.000000
1.308333 0.000000
1.312500 0.000000
1.316667 0.000000
1.320833 0.000000
1.325000 0.000000
1.329167 0.000000
1.333333 0.000000
1.337500 0.000000
1.341667 0.000000
1.345833 0.000000
1.350000 0.000000
1.354167 0.000000
1.358333 0.000000
1.362500 0.000000
1.366667 0.000000
1.370833 0.000000
1.375000 0.000000
1.379167 0.000000
1.383333 0.000000
1.387500 0.000000
1.391667 0.000000
1.395833 0.000000
1.400000 0.000000
1.404167 0.000000
1.408333 0.000000
1.412500 0.000000
1.416667 0.000000
1.420833 0.000000
1.425000 0.000000
1.429167 0.000000
1.433333 0.000000
1.437500 0.000000
1.441667 0.000000
1.445833 0.000000
1.450000 0.000000
1.454167 0.000000
1.458333 0.000000
1.462500 0.000000
1.466667 0.000000
1.470833 0.000000
1.475000 0.000000
1.479167 0.000000
1.483333 0.000000
1.487500 0.000000
1.491667 0.000000
1.495833 0.000000
1.500000 0.000000
1.504167 0.000000
1.508333 0.000000
1.512500 0.000000
1.516667 0.000000
1.520833 0.000000
1.525000 0.000000
1.529167 0.000000
1.533333 0.000000
1.537500 0.000000
1.541667 0.000000
1.545833 0.000000
1.550000 0.000000
1.554167 0.000000
1.558333 0.000000
1.562500 0.000000
1.566667 0.000000
1.570833 0.000000
1.575000 0.000000
1.579167 0.000000
1.583333 0.000000
1.587500 0.000000
1.591667 0.000000
1.595833 0.000000
1.600000 0.000000
1.604167 0.000000
1.608333 0.000000
1.612500 0.000000
1.616667 0.000000
1.620833 0.000000
1.625000 0.000000
1.629167 0.000000
1.633333 0.000000
1.637500 0.000000
1.641667 0.000000
1.645833 0.000000
1.650000 0.000000
1.654167 0.000000
1.658333 0.000000
1.662500 0.000000
1.666667 0.000000
1.670833 0.000000
1.675000 0.000000
1.679167 0.000000
1.683333 0.000000
1.687500 0.000000
1.691667 0.000000
1.695833 0.000000
1.700000 0.000000
1.704167 0.000000
1.708333 0.000000
1.712500 0.000000
1.716667 0.000000
1.720833 0.000000
1.725000 0.000000
1.729167 0.000000
1.733333 0.000000
1.737500 0.000000
1.741667 0.000000
1.745833 0.000000
1.750000 0.000000
1.754167 0.000000
1.758333 0.000000
1.762500 0.000000
1.766667 0.000000
1.770833 0.000000
1.775000 0.000000
1.779167 0.000000
1.783333 0.000000
1.787500 0.000000
1.791667 0.000000
1.795833 0.000000
1.800000 0.000000
1.804167 0.000000
1.808333 0.000000
1.812500 0.000000
1.816667 0.000000
1.820833 0.000000
1.825000 0.000000
1.829167 0.000000
1.833333 0.000000
1.837500 0.000000
1.841667 0.000000
1.845833 0.000000
1.850000 0.000000
1.854167 0.000000
1.858333 0.000000
1.862500 0.000000
1.866667 0.000000
1.870833 0.000000
1.875000 0.000000
1.879167 0.000000
1.883333 0.000000
1.887500 0.000000
1.891667 0.000000
1.895833 0.000000
1.900000 0.000000
1.904167 0.000000
1.908333 0.000000
1.912500 0.000000
1.916667 0.000000
1.920833 0.000000
1.925000 0.000000
1.929167 0.000000
1.933333 0.000000
1.937500 0.000000
1.941667 0.000000
1.945833 0.000000
1.950000 0.000000
1.954167 0.000000
1.958333 0.000000
1.962500 0.000000
1.966667 0.000000
1.970833 0.000000
1.975000 0.000000
1.979167 0.000000
1.983333 0.000000
1.987500 0.000000
1.991667 0.000000
1.995833 0.000000
2.000000 0.000000
2.004167 0.000000
2.008333 0.000000
2.012500 0.000000
2.016667 0.000000
2.020833 0.000000
2.025000 0.000000
2.029167 0.000000
2.033333 0.000000
2.037500 0.000000
2.041667 0.000000
2.045833 0.000000
2.050000 0.000000
2.054167 0.000000
2.058333 0.000000
2.062500 0.000000
2.066667 0.000000
2.070833 0.000000
2.075000 0.000000
2.079167 0.000000
2.083333 0.000000
2.087500 0.000000
2.091667 0.000000
2.095833 0.000000
2.100000 0.000000
2.104167 0.000000
2.108333 0.000000
2.112500 0.000000
2.116667 0.000000
2.120833 0.000000
2.125000 0.000000
2.129167 0.000000
2.133333 0.000000
2.137500 0.000000
2.141667 0.000000
2.145833 0.000000
2.150000 0.000000
2.154167 0.000000
2.158333 0.000000
2.162500 0.000000
2.166667 0.000000
2.170833 0.000000
2.175000 0.000000
2.179167 0.000000
2.183333 0.000000
2.187500 0.000000
2.191667 0.000000
2.195833 0.000000
2.200000 0.000000
2.204167 0.000000
2.208333 0.000000
2.212500 0.000000
2.216667 0.000000
2.220833 0.000000
2.225000 0.000000
2.229167 0.000000
2.233333 0.000000
2.237500 0.000000
2.241667 0.000000
2.245833 0.000000
2.250000 0.000000
2.254167 0.000000
2.258333 0.000000
2.262500 0.000000
2.266667 0.000000
2.270833 0.000000
2.275000 0.000000
2.279167 0.000000
2.283333 0.000000
2.287500 0.000000
2.291667 0.000000
2.295833 0.000000
2.300000 0.000000
2.304167 0.000000
2.308333 0.000000
2.312500 0.000000
2.316667 0.000000
2.320833 0.000000
2.325000 0.000000
2.329167 0.000000
2.333333 0.000000
2.337500 0.000000
2.341667 0.000000
2.345833 0.000000
2.350000 0.000000
2.354167 0.000000
2.358333 0.000000
2.362500 0.000000
2.366667 0.000000
2.370833 0.000000
2.375000 0.000000
2.379167 0.000000
2.383333 0.000000
2.387500 0.000000
2.391667 0.000000
2.395833 0.000000
2.400000 0.000000
2.404167 0.000000
2.408333 0.000000
2.412500 0.000000
2.416667 0.000000
2.420833 0.000000
2.425000 0.000000
2.429167 0.000000
2.433333 0.000000
2.437500 0.000000
2.441667 0.000000
2.445833 0.000000
2.450000 0.000000
2.454167 0.000000
2.458333 0.000000
2.462500 0.000000
2.466667 0.000000
2.470833 0.000000
2.475000 0.000000
2.479167 0.000000
2.483333 0.000000
2.487500 0.000000
2.491667 0.000000
2.495833 0.000000
2.500000 0.000000
2.504167 0.000000
2.508333 0.000000
2.512500 0.000000
2.516667 0.000000
2.520833 0.000000
2.525000 0.000000
2.529167 0.000000
2.533333 0.000000
2.537500 0.000000
2.541667 0.000000
2.545833 0.000000
2.550000 0.000000
2.554167 0.000000
2.558333 0.000000
2.562500 0.000000
2.566667 0.000000
2.570833 0.000000
2.575000 0.000000
2.579167 0.000000
2.583333 0.000000
2.587500 0.000000
2.591667 0.000000
2.595833 0.000000
2.600000 0.000000
2.604167 0.000000
2.608333 0.000000
2.612500 0.000000
2.616667 0.000000
2.620833 0.000000
2.625000 0.000000
2.629167 0.000000
2.633333 0.000000
2.637500 0.000000
2.641667 0.000000
2.645833 0.000000
2.650000 0.000000
2.654167 0.000000
2.658333 0.000000
2.662500 0.000000
2.666667 0.000000
2.670833 0.000000
2.675000 0.000000
2.679167 0.000000
2.683333 0.000000
2.687500 0.000000
2.691667 0.000000
2.695833 0.000000
2.700000 0.000000
2.704167 0.000000
2.708333 0.000000
2.712500 0.000000
2.716667 0.000000
2.720833 0.000000
2.725000 0.000000
2.729167 0.000000
2.733333 0.000000
2.737500 0.000000
2.741667 0.000000
2.745833 0.000000
2.750000 0.000000
2.754167 0.000000
2.758333 0.000000
2.762500 0.000000
2.766667 0.000000
2.770833 0.000000
2.775000 0.000000
2.779167 0.000000
2.783333 0.000000
2.787500 0.000000
2.791667 0.000000
2.795833 0.000000
2.800000 0.000000
2.804167 0.000000
2.808333 0.000000
2.812500 0.000000
2.816667 0.000000
2.820833 0.000000
2.825000 0.000000
2.829167 0.000000
2.833333 0.000000
2.837500 0.000000
2.841667 0.000000
2.845833 0.000000
2.850000 0.000000
2.854167 0.000000
2.858333 0.000000
2.862500 0.000000
2.866667 0.000000
2.870833 0.000000
2.875000 0.000000
2.879167 0.000000
2.883333 0.000000
2.887500 0.000000
2.891667 0.000000
2.895833 0.000000
2.900000 0.000000
2.904167 0.000000
2.908333 0.000000
2.912500 0.000000
2.916667 0.000000
2.920833 0.000000
2.925000 0.000000
2.929167 0.000000
2.933333 0.000000
2.937500 0.000000
2.941667 0.000000
2.945833 0.000000
2.950000 0.000000
2.954167 0.000000
2.958333 0.000000
2.962500 0.000000
2.966667 0.000000
2.970833 0.000000
2.975000 0.000000
2.979167 0.000000
2.983333 0.000000
2.987500 0.000000
2.991667 0.000000
2.995833 0.000000
3.000000 0.000000
3.004167 0.000000
3.008333 0.000000
3.012500 0.000000
3.016667 0.000000
3.020833 0.000000
3.025000 0.000000
3.029167 0.000000
3.033333 0.000000
3.037500 0.000000
3.041667 0.000000
3.045833 0.000000
3.050000 0.000000
3.054167 0.000000
3.058333 0.000000
3.062500 0.000000
3.066667 0.000000
3.070833 0.000000
3.075000 0.000000
3.079167 0.000000
3.083333 0.000000
3.087500 0.000000
3.091667 0.000000
3.095833 0.000000
3.100000 0.000000
3.104167 0.000000
3.108333 0.000000
3.112500 0.000000
3.116667 0.000000
3.120833 0.000000
3.125000 0.000000
3.129167 0.000000
3.133333 0.000000
3.137500 0.000000
3.141667 0.000000
3.145833 0.000000
3.150000 0.000000
3.154167 0.000000
3.158333 0.000000
3.162500 0.000000
3.166667 0.000000
3.170833 0.000000
3.175000 0.000000
3.179167 0.000000
3.183333 0.000000
3.187500 0.000000
3.191667 0.000000
3.195833 0.000000
3.200000 0.000000
3.204167 0.000000
3.208333 0.000000
3.212500 0.000000
3.216667 0.000000
3.220833 0.000000
3.225000 0.000000
3.229167 0.000000
3.233333 0.000000
3.237500 0.000000
3.241667 0.000000
3.245833 0.000000
3.250000 0.000000
3.254167 0.000000
3.258333 0.000000
3.262500 0.000000
3.266667 0.000000
3.270833 0.000000
3.275000 0.000000
3.279167 0.000000
3.283333 0.000000
3.287500 0.000000
3.291667 0.000000
3.295833 0.000000
3.300000 0.000000
3.304167 0.000000
3.308333 0.000000
3.312500 0.000000
3.316667 0.000000
3.320833 0.000000
3.325000 0.000000
3.329167 0.000000
3.333333 0.000000
3.337500 0.000000
3.341667 0.000000
3.345833 0.000000
3.350000 0.000000
3.354167 0.000000
3.358333 0.000000
3.362500 0.000000
3.366667 0.000000
3.370833 0.000000
3.375000 0.000000
3.379167 0.000000
3.383333 0.000000
3.387500 0.000000
3.391667 0.000000
3.395833 0.000000
3.400000 0.000000
3.404167 0.000000
3.408333 0.000000
3.412500 0.000000
3.416667 0.000000
3.420833 0.000000
3.425000 0.000000
3.429167 0.000000
3.433333 0.000000
3.437500 0.000000
3.441667 0.000000
3.445833 0.000000
3.450000 0.000000
3.454167 0.000000
3.458333 0.000000
3.462500 0.000000
3.466667 0.000000
3.470833 0.000000
3.475000 0.000000
3.479167 0.000000
3.483333 0.000000
3.487500 0.000000
3.491667 0.000000
3.495833 0.000000
3.500000 0.000000
3.504167 0.000000
3.508333 0.000000
3.512500 0.000000
3.516667 0.000000
3.520833 0.000000
3.525000 0.000000
3.529167 0.000000
3.533333 0.000000
3.537500 0.000000
3.541667 0.000000
3.545833 0.000000
3.550000 0.000000
3.554167 0.000000
3.558333 0.000000
3.562500 0.000000
3.566667 0.000000
3.570833 0.000000
3.575000 0.000000
3.579167 0.000000
3.583333 0.000000
3.587500 0.000000
3.591667 0.000000
3.595833 0.000000
3.600000 0.000000
3.604167 0.000000
3.608333 0.000000
3.612500 0.000000
3.616667 0.000000
3.620833 0.000000
3.625000 0.000000
3.629167 0.000000
3.633333 0.000000
3.637500 0.000000
3.641667 0.000000
3.645833 0.000000
3.650000 0.000000
3.654167 0.000000
3.658333 0.000000
3.662500 0.000000
3.666667 0.000000
3.670833 0.000000
3.675000 0.000000
3.679167 0.000000
3.683333 0.000000
3.687500 0.000000
3.691667 0.000000
3.695833 0.000000
3.700000 0.000000
3.704167 0.000000
3.708333 0.000000
3.712500 0.000000
3.716667 0.000000
3.720833 0.000000
3.725000 0.000000
3.729167 0.000000
3.733333 0.000000
3.737500 0.000000
3.741667 0.000000
3.745833 0.000000
3.750000 0.000000
3.754167 0.000000
3.758333 0.000000
3.762500 0.000000
3.766667 0.000000
3.770833 0.000000
3.775000 0.000000
3.779167 0.000000
3.783333 0.000000
3.787500 0.000000
3.791667 0.000000
3.795833 0.000000
3.800000 0.000000
3.804167 0.000000
3.808333 0.000000
3.812500 0.000000
3.816667 0.000000
3.820833 0.000000
3.825000 0.000000
3.829167 0.000000
3.833333 0.000000
3.837500 0.000000
3.841667 0.000000
3.845833 0.000000
3.850000 0.000000
3.854167 0.000000
3.858333 0.000000
3.862500 0.000000
3.866667 0.000000
3.870833 0.000000
3.875000 0.000000
3.879167 0.000000
3.883333 0.000000
3.887500 0.000000
3.891667 0.000000
3.895833 0.000000
3.900000 0.000000
3.904167 0.000000
3.908333 0.000000
3.912500 0.000000
3.916667 0.000000
3.920833 0.000000
3.925000 0.000000
3.929167 0.000000
3.933333 0.000000
3.937500 0.000000
3.941667 0.000000
3.945833 0.000000
3.950000 0.000000
3.954167 0.000000
3.958333 0.000000
3.962500 0.000000
3.966667 0.000000
3.970833 0.000000
3.975000 0.000000
3.979167 0.000000
3.983333 0.000000
3.987500 0.000000
3.991667 0.000000
3.995833 0.000000
4.000000 0.000000
4.004167 0.000000
4.008333 0.000000
4.012500 0.000000
4.016667 0.000000
4.020833 0.000000
4.025000 0.000000
4.029167 0.000000
4.033333 0.000000
4.037500 0.000000
4.041667 0.000000
4.045833 0.000000
4.050000 0.000000
4.054167 0.000000
4.058333 0.000000
4.062500 0.000000
4.066667 0.000000
4.070833 0.000000
4.075000 0.000000
4.079167 0.000000
4.083333 0.000000
4.087500 0.000000
4.091667 0.000000
4.095833 0.000000
4.100000 0.000000
4.104167 0.000000
4.108333 0.000000
4.112500 0.000000
4.116667 0.000000
4.120833 0.000000
4.125000 0.000000
4.129167 0.000000
4.133333 0.000000
4.137500 0.000000
4.141667 0.000000
4.145833 0.000000
4.150000 0.000000
4.154167 0.000000
4.158333 0.000000
4.162500 0.000000
4.166667 0.000000
4.170833 0.000000
4.175000 0.000000
4.179167 0.000000
4.183333 0.000000
4.187500 0.000000
4.191667 0.000000
4.195833 0.000000
4.200000 0.000000
4.204167 0.000000
4.208333 0.000000
4.212500 0.000000
4.216667 0.000000
4.220833 0.000000
4.225000 0.000000
4.229167 0.000000
4.233333 0.000000
4.237500 0.000000
4.241667 0.000000
4.245833 0.000000
4.250000 0.000000
4.254167 0.000000
4.258333 0.000000
4.262500 0.000000
4.266667 0.000000
4.270833 0.000000
4.275000 0.000000
4.279167 0.000000
4.283333 0.000000
4.287500 0.000000
4.291667 0.000000
4.295833 0.000000
4.300000 0.000000
4.304167 0.000000
4.308333 0.000000
4.312500 0.000000
4.316667 0.000000
4.320833 0.000000
4.325000 0.000000
4.329167 0.000000
4.333333 0.000000
4.337500 0.000000
4.341667 0.000000
4.345833 0.000000
4.350000 0.000000
4.354167 0.000000
4.358333 0.000000
4.362500 0.000000
4.366667 0.000000
4.370833 0.000000
4.375000 0.000000
4.379167 0.000000
4.383333 0.000000
4.387500 0.000000
4.391667 0.000000
4.395833 0.000000
4.400000 0.000000
4.404167 0.000000
4.408333 0.000000
4.412500 0.000000
4.416667 0.000000
4.420833 0.000000
4.425000 0.000000
4.429167 0.000000
4.433333 0.000000
4.437500 0.000000
4.441667 0.000000
4.445833 0.000000
4.450000 0.000000
4.454167 0.000000
4.458333 0.000000
4.462500 0.000000
4.466667 0.000000
4.470833 0.000000
4.475000 0.000000
4.479167 0.000000
4.483333 0.000000
4.487500 0.000000
4.491667 0.000000
4.495833 0.000000
4.500000 0.000000
4.504167 0.000000
4.508333 0.000000
4.512500 0.000000
4.516667 0.000000
4.520833 0.000000
4.525000 0.000000
4.529167 0.000000
4.533333 0.000000
4.537500 0.000000
4.541667 0.000000
4.545833 0.000000
4.550000 0.000000
4.554167 0.000000
4.558333 0.000000
4.562500 0.000000
4.566667 0.000000
4.570833 0.000000
4.575000 0.000000
4.579167 0.000000
4.583333 0.000000
4.587500 0.000000
4.591667 0.000000
4.595833 0.000000
4.600000 0.000000
4.604167 0.000000
4.608333 0.000000
4.612500 0.000000
4.616667 0.000000
4.620833 0.000000
4.625000 0.000000
4.629167 0.000000
4.633333 0.000000
4.637500 0.000000
4.641667 0.000000
4.645833 0.000000
4.650000 0.000000
4.654167 0.000000
4.658333 0.000000
4.662500 0.000000
4.666667 0.000000
4.670833 0.000000
4.675000 0.000000
4.679167 0.000000
4.683333 0.000000
4.687500 0.000000
4.691667 0.000000
4.695833 0.000000
4.700000 0.000000
4.704167 0.000000
4.708333 0.000000
4.712500 0.000000
4.716667 0.000000
4.720833 0.000000
4.725000 0.000000
4.729167 0.000000
4.733333 0.000000
4.737500 0.000000
4.741667 0.000000
4.745833 0.000000
4.750000 0.000000
4.754167 0.000000
4.758333 0.000000
4.762500 0.000000
4.766667 0.000000
4.770833 0.000000
4.775000 0.000000
4.779167 0.000000
4.783333 0.000000
4.787500 0.000000
4.791667 0.000000
4.795833 0.000000
4.800000 0.000000
4.804167 0.000000
4.808333 0.000000
4.812500 0.000000
4.816667 0.000000
4.820833 0.000000
4.825000 0.000000
4.829167 0.000000
4.833333 0.000000
4.837500 0.000000
4.841667 0.000000
4.845833 0.000000
4.850000 0.000000
4.854167 0.000000
4.858333 0.000000
4.862500 0.000000
4.866667 0.000000
4.870833 0.000000
4.875000 0.000000
4.879167 0.000000
4.883333 0.000000
4.887500 0.000000
4.891667 0.000000
4.895833 0.000000
4.900000 0.000000
4.904167 0.000000
4.908333 0.000000
4.912500 0.000000
4.916667 0.000000
4.920833 0.000000
4.925000 0.000000
4.929167 0.000000
4.933333 0.000000
4.937500 0.000000
4.941667 0.000000
4.945833 0.000000
4.950000 0.000000
4.954167 0.000000
4.958333 0.000000
4.962500 0.000000
4.966667 0.000000
4.970833 0.000000
4.975000 0.000000
4.979167 0.000000
4.983333 0.000000
4.987500 0.000000
4.991667 0.000000
4.995833 0.000000
5.000000 0.000000
5.004167 0.000000
5.008333 0.000000
5.012500 0.000000
5.016667 0.000000
5.020833 0.000000
5.025000 0.000000
5.029167 0.000000
5.033333 0.000000
5.037500 0.000000
5.041667 0.000000
5.045833 0.000000
5.050000 0.000000
5.054167 0.000000
5.058333 0.000000
5.062500 0.000000
5.066667 0.000000
5.070833 0.000000
5.075000 0.000000
5.079167 0.000000
5.083333 0.000000
5.087500 0.000000
5.091667 0.000000
5.095833 0.000000
5.100000 0.000000
5.104167 0.000000
5.108333 0.000000
5.112500 0.000000
5.116667 0.000000
5.120833 0.000000
5.125000 0.000000
5.129167 0.000000
5.133333 0.000000
5.137500 0.000000
5.141667 0.000000
5.145833 0.000000
5.150000 0.000000
5.154167 0.000000
5.158333 0.000000
5.162500 0.000000
5.166667 0.000000
5.170833 0.000000
5.175000 0.000000
5.179167 0.000000
5.183333 0.000000
5.187500 0.000000
5.191667 0.000000
5.195833 0.000000
5.200000 0.000000
5.204167 0.000000
5.208333 0.000000
5.212500 0.000000
5.216667 0.000000
5.220833 0.000000
5.225000 0.000000
5.229167 0.000000
5.233333 0.000000
5.237500 0.000000
5.241667 0.000000
5.245833 0.000000
5.250000 0.000000
5.254167 0.000000
5.258333 0.000000
5.262500 0.000000
5.266667 0.000000
5.270833 0.000000
5.275000 0.000000
5.279167 0.000000
5.283333 0.000000
5.287500 0.000000
5.291667 0.000000
5.295833 0.000000
5.300000 0.000000
5.304167 0.000000
5.308333 0.000000
5.312500 0.000000
5.316667 0.000000
5.320833 0.000000
5.325000 0.000000
5.329167 0.000000
5.333333 0.000000
5.337500 0.000000
5.341667 0.000000
5.345833 0.000000
5.350000 0.000000
5.354167 0.000000
5.358333 0.000000
5.362500 0.000000
5.366667 0.000000
5.370833 0.000000
5.375000 0.000000
5.379167 0.000000
5.383333 0.000000
5.387500 0.000000
5.391667 0.000000
5.395833 0.000000
5.400000 0.000000
5.404167 0.000000
5.408333 0.000000
5.412500 0.000000
5.416667 0.000000
5.420833 0.000000
5.425000 0.000000
5.429167 0.000000
5.433333 0.000000
5.437500 0.000000
5.441667 0.000000
5.445833 0.000000
5.450000 0.000000
5.454167 0.000000
5.458333 0.000000
5.462500 0.000000
5.466667 0.000000
5.470833 0.000000
5.475000 0.000000
5.479167 0.000000
5.483333 0.000000
5.487500 0.000000
5.491667 0.000000
5.495833 0.000000
5.500000 0.000000
5.504167 0.000000
5.508333 0.000000
5.512500 0.000000
5.516667 0.000000
5.520833 0.000000
5.525000 0.000000
5.529167 0.000000
5.533333 0.000000
5.537500 0.000000
5.541667 0.000000
5.545833 0.000000
5.550000 0.000000
5.554167 0.000000
5.558333 0.000000
5.562500 0.000000
5.566667 0.000000
5.570833 0.000000
5.575000 0.000000
5.579167 0.000000
5.583333 0.000000
5.587500 0.000000
5.591667 0.000000
5.595833 0.000000
5.600000 0.000000
5.604167 0.000000
5.608333 0.000000
5.612500 0.000000
5.616667 0.000000
5.620833 0.000000
5.625000 0.000000
5.629167 0.000000
5.633333 0.000000
5.637500 0.000000
5.641667 0.000000
5.645833 0.000000
5.650000 0.000000
5.654167 0.000000
5.658333 0.000000
5.662500 0.000000
5.666667 0.000000
5.670833 0.000000
5.675000 0.000000
5.679167 0.000000
5.683333 0.000000
5.687500 0.000000
5.691667 0.000000
5.695833 0.000000
5.700000 0.000000
5.704167 0.000000
5.708333 0.000000
5.712500 0.000000
5.716667 0.000000
5.720833 0.000000
5.725000 0.000000
5.729167 0.000000
5.733333 0.000000
5.737500 0.000000
5.741667 0.000000
5.745833 0.000000
5.750000 0.000000
5.754167 0.000000
5.758333 0.000000
5.762500 0.000000
5.766667 0.000000
5.770833 0.000000
5.775000 0.000000
5.779167 0.000000
5.783333 0.000000
5.787500 0.000000
5.791667 0.000000
5.795833 0.000000
5.800000 0.000000
5.804167 0.000000
5.808333 0.000000
5.812500 0.000000
5.816667 0.000000
5.820833 0.000000
5.825000 0.000000
5.829167 0.000000
5.833333 0.000000
5.837500 0.000000
5.841667 0.000000
5.845833 0.000000
5.850000 0.000000
5.854167 0.000000
5.858333 0.000000
5.862500 0.000000
5.866667 0.000000
5.870833 0.000000
5.875000 0.000000
5.879167 0.000000
5.883333 0.000000
5.887500 0.000000
5.891667 0.000000
5.895833 0.000000
5.900000 0.000000
5.904167 0.000000
5.908333 0.000000
5.912500 0.000000
5.916667 0.000000
5.920833 0.000000
5.925000 0.000000
5.929167 0.000000
5.933333 0.000000
5.937500 0.000000
5.941667 0.000000
5.945833 0.000000
5.950000 0.000000
5.954167 0.000000
5.958333 0.000000
5.962500 0.000000
5.966667 0.000000
5.970833 0.000000
5.975000 0.000000
5.979167 0.000000
5.983333 0.000000
5.987500 0.000000
5.991667 0.000000
5.995833 0.000000
6.000000 0.000000
6.004167 0.000000
6.008333 0.000000
6.012500 0.000000
6.016667 0.000000
6.020833 0.000000
6.025000 0.000000
6.029167 0.000000
6.033333 0.000000
6.037500 0.000000
6.041667 0.000000
6.045833 0.000000
6.050000 0.000000
6.054167 0.000000
6.058333 0.000000
6.062500 0.000000
6.066667 0.000000
6.070833 0.000000
6.075000 0.000000
6.079167 0.000000
6.083333 0.000000
6.087500 0.000000
6.091667 0.000000
6.095833 0.000000
6.100000 0.000000
6.104167 0.000000
6.108333 0.000000
6.112500 0.000000
6.116667 0.000000
6.120833 0.000000
6.125000 0.000000
6.129167 0.000000
6.133333 0.000000
6.137500 0.000000
6.141667 0.000000
6.145833 0.000000
6.150000 0.000000
6.154167 0.000000
6.158333 0.000000
6.162500 0.000000
6.166667 0.000000
6.170833 0.000000
6.175000 0.000000
6.179167 0.000000
6.183333 0.000000
6.187500 0.000000
6.191667 0.000000
6.195833 0.000000
6.200000 0.000000
6.204167 0.000000
6.208333 0.000000
6.212500 0.000000
6.216667 0.000000
6.220833 0.000000
6.225000 0.000000
6.229167 0.000000
6.233333 0.000000
6.237500 0.000000
6.241667 0.000000
6.245833 0.000000
6.250000 0.000000
6.254167 0.000000
6.258333 0.000000
6.262500 0.000000
6.266667 0.000000
6.270833 0.000000
6.275000 0.000000
6.279167 0.000000
6.283333 0.000000
6.287500 0.000000
6.291667 0.000000
6.295833 0.000000
6.300000 0.000000
6.304167 0.000000
6.308333 0.000000
6.312500 0.000000
6.316667 0.000000
6.320833 0.000000
6.325000 0.000000
6.329167 0.000000
6.333333 0.000000
6.337500 0.000000
6.341667 0.000000
6.345833 0.000000
6.350000 0.000000
6.354167 0.000000
6.358333 0.000000
6.362500 0.000000
6.366667 0.000000
6.370833 0.000000
6.375000 0.000000
6.379167 0.000000
6.383333 0.000000
6.387500 0.000000
6.391667 0.000000
6.395833 0.000000
6.400000 0.000000
6.404167 0.000000
6.408333 0.000000
6.412500 0.000000
6.416667 0.000000
6.420833 0.000000
6.425000 0.000000
6.429167 0.000000
6.433333 0.000000
6.437500 0.000000
6.441667 0.000000
6.445833 0.000000
6.450000 0.000000
6.454167 0.000000
6.458333 0.000000
6.462500 0.000000
6.466667 0.000000
6.470833 0.000000
6.475000 0.000000
6.479167 0.000000
6.483333 0.000000
6.487500 0.000000
6.491667 0.000000
6.495833 0.000000
6.500000 0.000000
6.504167 0.000000
6.508333 0.000000
6.512500 0.000000
6.516667 0.000000
6.520833 0.000000
6.525000 0.000000
6.529167 0.000000
6.533333 0.000000
6.537500 0.000000
6.541667 0.000000
6.545833 0.000000
6.550000 0.000000
6.554167 0.000000
6.558333 0.000000
6.562500 0.000000
6.566667 0.000000
6.570833 0.000000
6.575000 0.000000
6.579167 0.000000
6.583333 0.000000
6.587500 0.000000
6.591667 0.000000
6.595833 0.000000
6.600000 0.000000
6.604167 0.000000
6.608333 0.000000
6.612500 0.000000
6.616667 0.000000
6.620833 0.000000
6.625000 0.000000
6.629167 0.000000
6.633333 0.000000
6.637500 0.000000
6.641667 0.000000
6.645833 0.000000
6.650000 0.000000
6.654167 0.000000
6.658333 0.000000
6.662500 0.000000
6.666667 0.000000
6.670833 0.000000
6.675000 0.000000
6.679167 0.000000
6.683333 0.000000
6.687500 0.000000
6.691667 0.000000
6.695833 0.000000
6.700000 0.000000
6.704167 0.000000
6.708333 0.000000
6.712500 0.000000
6.716667 0.000000
6.720833 0.000000
6.725000 0.000000
6.729167 0.000000
6.733333 0.000000
6.737500 0.000000
6.741667 0.000000
6.745833 0.000000
6.750000 0.000000
6.754167 0.000000
6.758333 0.000000
6.762500 0.000000
6.766667 0.000000
6.770833 0.000000
6.775000 0.000000
6.779167 0.000000
6.783333 0.000000
6.787500 0.000000
6.791667 0.000000
6.795833 0.000000
6.800000 0.000000
6.804167 0.000000
6.808333 0.000000
6.812500 0.000000
6.816667 0.000000
6.820833 0.000000
6.825000 0.000000
6.829167 0.000000
6.833333 0.000000
6.837500 0.000000
6.841667 0.000000
6.845833 0.000000
6.850000 0.000000
6.854167 0.000000
6.858333 0.000000
6.862500 0.000000
6.866667 0.000000
6.870833 0.000000
6.875000 0.000000
6.879167 0.000000
6.883333 0.000000
6.887500 0.000000
6.891667 0.000000
6.895833 0.000000
6.900000 0.000000
6.904167 0.000000
6.908333 0.000000
6.912500 0.000000
6.916667 0.000000
6.920833 0.000000
6.925000 0.000000
6.929167 0.000000
6.933333 0.000000
6.937500 0.000000
6.941667 0.000000
6.945833 0.000000
6.950000 0.000000
6.954167 0.000000
6.958333 0.000000
6.962500 0.000000
6.966667 0.000000
6.970833 0.000000
6.975000 0.000000
6.979167 0.000000
6.983333 0.000000
6.987500 0.000000
6.991667 0.000000
6.995833 0.000000
7.000000 0.000000
7.004167 0.000000
7.008333 0.000000
7.012500 0.000000
7.016667 0.000000
7.020833 0.000000
7.025000 0.000000
7.029167 0.000000
7.033333 0.000000
7.037500 0.000000
7.041667 0.000000
7.045833 0.000000
7.050000 0.000000
7.054167 0.000000
7.058333 0.000000
7.062500 0.000000
7.066667 0.000000
7.070833 0.000000
7.075000 0.000000
7.079167 0.000000
7.083333 0.000000
7.087500 0.000000
7.091667 0.000000
7.095833 0.000000
7.100000 0.000000
7.104167 0.000000
7.108333 0.000000
7.112500 0.000000
7.116667 0.000000
7.120833 0.000000
7.125000 0.001883
7.129167 0.027295
7.133333 0.140080
7.137500 0.403328
7.141667 0.823264
7.145833 1.351478
7.150000 1.899805
7.154167 2.366249
7.158333 2.672988
7.162500 2.800277
7.166667 2.793322
7.170833 2.703038
7.175000 2.541115
7.179167 2.300560
7.183333 1.974636
7.187500 1.564122
7.191667 1.090087
7.195833 0.613314
7.200000 0.239382
7.204167 0.050483
7.208333 0.003620
7.212500 0.000000
7.216667 0.000000
7.220833 0.000000
7.225000 0.000000
7.229167 0.000000
7.233333 0.000000
7.237500 0.000000
7.241667 0.000000
7.245833 0.000000
7.250000 0.000000
7.254167 0.000000
7.258333 0.000000
7.262500 0.000000
7.266667 0.000000
7.270833 0.000000
7.275000 0.000000
7.279167 0.000000
7.283333 0.000000
7.287500 0.000696
7.291667 0.010322
7.295833 0.055496
7.300000 0.172584
7.304167 0.393879
7.308333 0.744791
7.312500 1.216858
7.316667 1.725136
7.320833 2.137849
7.325000 2.380161
7.329167 2.461110
7.333333 2.416569
7.337500 2.264842
7.341667 2.008251
7.345833 1.649847
7.350000 1.206086
7.354167 0.724039
7.358333 0.305751
7.362500 0.068993
7.366667 0.005127
7.370833 0.000000
7.375000 0.000000
7.379167 0.000000
7.383333 0.000000
7.387500 0.000000
7.391667 0.000000
7.395833 0.000000
7.400000 0.000000
7.404167 0.000000
7.408333 0.000000
7.412500 0.000000
7.416667 0.000000
7.420833 0.000000
7.425000 0.000000
7.429167 0.000000
7.433333 0.000000
7.437500 0.002353
7.441667 0.034126
7.445833 0.175205
7.450000 0.503670
7.454167 1.021540
7.458333 1.652212
7.462500 2.259720
7.466667 2.697097
7.470833 2.894971
7.475000 2.913832
7.479167 2.844972
7.483333 2.715295
7.487500 2.516637
7.491667 2.236451
7.495833 1.865507
7.500000 1.410401
7.504167 0.914995
7.508333 0.468484
7.512500 0.165564
7.516667 0.032262
7.520833 0.002218
7.525000 0.000000
7.529167 0.000000
7.533333 0.000000
7.537500 0.000000
7.541667 0.000000
7.545833 0.000000
7.550000 0.000000
7.554167 0.000000
7.558333 0.000000
7.562500 0.000000
7.566667 0.000000
7.570833 0.000000
7.575000 0.000000
7.579167 0.000000
7.583333 0.001828
7.587500 0.026780
7.591667 0.139837
7.595833 0.409126
7.600000 0.836404
7.604167 1.340704
7.608333 1.792052
7.612500 2.086815
7.616667 2.195354
7.620833 2.142193
7.625000 1.955627
7.629167 1.650142
7.633333 1.242776
7.637500 0.774596
7.641667 0.342367
7.645833 0.080245
7.650000 0.006077
7.654167 0.000000
7.658333 0.000000
7.662500 0.000000
7.666667 0.000000
7.670833 0.000000
7.675000 0.000000
7.679167 0.000000
7.683333 0.000000
7.687500 0.000000
7.691667 0.000000
7.695833 0.000000
7.700000 0.000000
7.704167 0.000000
7.708333 0.000000
7.712500 0.000000
7.716667 0.000000
7.720833 0.000000
7.725000 0.000000
7.729167 0.000000
7.733333 0.005495
7.737500 0.073611
7.741667 0.324538
7.745833 0.774166
7.750000 1.326603
7.754167 1.883414
7.758333 2.343616
7.762500 2.598239
7.766667 2.638697
7.770833 2.566597
7.775000 2.426454
7.779167 2.210472
7.783333 1.904690
7.787500 1.502340
7.791667 1.025376
7.795833 0.552347
7.800000 0.203072
7.804167 0.040532
7.808333 0.002818
7.812500 0.000000
7.816667 0.000000
7.820833 0.000000
7.825000 0.000000
7.829167 0.000000
7.833333 0.000000
7.837500 0.000000
7.841667 0.000000
7.845833 0.000000
7.850000 0.000000
7.854167 0.000000
7.858333 0.000000
7.862500 0.000000
7.866667 0.000000
7.870833 0.000000
7.875000 0.000000
7.879167 0.001688
7.883333 0.024613
7.887500 0.127639
7.891667 0.372509
7.895833 0.769318
7.900000 1.265702
7.904167 1.752213
7.908333 2.103105
7.912500 2.251950
7.916667 2.226181
7.920833 2.078266
7.925000 1.827771
7.929167 1.482805
7.933333 1.064907
7.937500 0.624848
7.941667 0.257238
7.945833 0.056879
7.950000 0.004184
7.954167 0.000000
7.958333 0.000000
7.962500 0.000000
7.966667 0.000000
7.970833 0.000000
7.975000 0.000000
7.979167 0.000000
7.983333 0.000000
7.987500 0.000000
7.991667 0.000000
7.995833 0.000000
8.000000 0.000000
8.004167 0.000000
8.008333 0.000000
8.012500 0.000000
8.016667 0.000000
8.020833 0.000000
8.025000 0.001753
8.029167 0.025558
8.033333 0.132543
8.037500 0.387406
8.041667 0.804923
8.045833 1.344520
8.050000 1.915932
8.054167 2.405707
8.058333 2.726449
8.062500 2.857269
8.066667 2.844621
8.070833 2.737224
8.075000 2.542571
8.079167 2.248948
8.083333 1.845882
8.087500 1.339669
8.091667 0.785495
8.095833 0.317353
8.100000 0.068468
8.104167 0.004964
8.108333 0.000000
8.112500 0.000000
8.116667 0.000000
8.120833 0.000000
8.125000 0.000000
8.129167 0.000000
8.133333 0.000000
8.137500 0.000000
8.141667 0.000000
8.145833 0.000000
8.150000 0.000000
8.154167 0.000000
8.158333 0.000000
8.162500 0.000000
8.166667 0.000000
8.170833 0.000000
8.175000 0.000883
8.179167 0.012917
8.183333 0.067577
8.187500 0.201411
8.191667 0.433930
8.195833 0.767475
8.200000 1.181749
8.204167 1.622696
8.208333 2.009458
8.212500 2.268539
8.216667 2.376424
8.220833 2.369726
8.225000 2.290328
8.229167 2.145921
8.233333 1.928080
8.237500 1.629676
8.241667 1.255146
8.245833 0.836180
8.250000 0.442746
8.254167 0.161910
8.258333 0.032404
8.262500 0.002260
8.266667 0.000000
8.270833 0.000000
8.275000 0.000000
8.279167 0.000000
8.283333 0.000000
8.287500 0.000000
8.291667 0.000000
8.295833 0.000000
8.300000 0.000000
8.304167 0.000000
8.308333 0.000000
8.312500 0.000000
8.316667 0.000000
8.320833 0.001686
8.325000 0.024789
8.329167 0.130709
8.333333 0.390703
8.337500 0.830286
8.341667 1.407802
8.345833 2.011241
8.350000 2.506642
8.354167 2.813348
8.358333 2.931288
8.362500 2.913358
8.366667 2.802032
8.370833 2.601303
8.375000 2.299128
8.379167 1.885444
8.383333 1.367454
8.387500 0.801748
8.391667 0.324206
8.395833 0.070032
8.400000 0.005081
8.404167 0.000000
8.408333 0.000000
8.412500 0.000000
8.416667 0.000000
8.420833 0.000000
8.425000 0.000000
8.429167 0.000000
8.433333 0.000000
8.437500 0.000000
8.441667 0.000000
8.445833 0.000000
8.450000 0.000000
8.454167 0.000000
8.458333 0.000000
8.462500 0.000000
8.466667 0.000000
8.470833 0.001232
8.475000 0.018146
8.479167 0.096089
8.483333 0.289415
8.487500 0.622591
8.491667 1.073075
8.495833 1.559502
8.500000 1.969966
8.504167 2.227727
8.508333 2.322065
8.512500 2.282906
8.516667 2.133522
8.520833 1.877206
8.525000 1.517288
8.529167 1.077011
8.533333 0.617743
8.537500 0.246241
8.541667 0.052870
8.545833 0.003828
8.550000 0.000000
8.554167 0.000000
8.558333 0.000000
8.562500 0.000000
8.566667 0.000000
8.570833 0.000000
8.575000 0.000000
8.579167 0.000000
8.583333 0.000000
8.587500 0.000000
8.591667 0.000000
8.595833 0.000000
8.600000 0.000000
8.604167 0.000000
8.608333 0.000000
8.612500 0.000000
8.616667 0.003576
8.620833 0.050494
8.625000 0.246108
8.629167 0.659609
8.633333 1.241052
8.637500 1.878129
8.641667 2.449305
8.645833 2.848646
8.650000 3.028015
8.654167 3.037065
8.658333 2.951495
8.662500 2.790124
8.666667 2.538805
8.670833 2.179026
8.675000 1.702323
8.679167 1.140731
8.683333 0.598209
8.687500 0.213687
8.691667 0.041685
8.695833 0.002863
8.700000 0.000000
8.704167 0.000000
8.708333 0.000000
8.712500 0.000000
8.716667 0.000000
8.720833 0.000000
8.725000 0.000000
8.729167 0.000000
8.733333 0.000000
8.737500 0.000000
8.741667 0.000000
8.745833 0.000000
8.750000 0.000000
8.754167 0.000000
8.758333 0.000000
8.762500 0.000552
8.766667 0.008171
8.770833 0.043769
8.775000 0.135488
8.779167 0.308096
8.783333 0.583939
8.787500 0.970146
8.791667 1.424876
8.795833 1.850923
8.800000 2.160819
8.804167 2.332090
8.808333 2.384563
8.812500 2.336121
8.816667 2.187475
8.820833 1.933410
8.825000 1.574999
8.829167 1.131609
8.833333 0.659813
8.837500 0.267953
8.841667 0.058419
8.845833 0.004264
8.850000 0.000000
8.854167 0.000000
8.858333 0.000000
8.862500 0.000000
8.866667 0.000000
8.870833 0.000000
8.875000 0.000000
8.879167 0.000000
8.883333 0.000000
8.887500 0.000000
8.891667 0.000000
8.895833 0.000000
8.900000 0.000000
8.904167 0.000000
8.908333 0.000000
8.912500 0.001871
8.916667 0.027166
8.920833 0.139801
8.925000 0.403897
8.929167 0.827057
8.933333 1.360548
8.937500 1.913515
8.941667 2.381401
8.945833 2.686643
8.950000 2.809828
8.954167 2.790628
8.958333 2.671407
8.962500 2.458800
8.966667 2.144519
8.970833 1.726022
8.975000 1.222269
8.979167 0.698211
8.983333 0.276081
8.987500 0.058755
8.991667 0.004232
8.995833 0.000000
9.000000 0.000000
9.004167 0.000000
9.008333 0.000000
9.012500 0.000000
9.016667 0.000000
9.020833 0.000000
9.025000 0.000000
9.029167 0.000000
9.033333 0.000000
9.037500 0.000000
9.041667 0.000000
9.045833 0.000000
9.050000 0.000000
9.054167 0.000000
9.058333 0.000886
9.062500 0.012877
9.066667 0.066596
9.070833 0.195065
9.075000 0.411238
9.079167 0.710134
9.083333 1.066343
9.087500 1.424292
9.091667 1.700437
9.095833 1.822429
9.100000 1.783076
9.104167 1.617366
9.108333 1.349582
9.112500 1.000888
9.116667 0.611899
9.120833 0.264746
9.125000 0.061037
9.129167 0.004586
9.133333 0.000000
9.137500 0.000000
9.141667 0.000000
9.145833 0.000000
9.150000 0.000000
9.154167 0.000000
9.158333 0.000000
9.162500 0.000000
9.166667 0.000000
9.170833 0.000000
9.175000 0.000000
9.179167 0.000000
9.183333 0.000000
9.187500 0.000000
9.191667 0.000000
9.195833 0.000000
9.200000 0.000000
9.204167 0.000000
9.208333 0.002386
9.212500 0.034436
9.216667 0.175139
9.220833 0.497797
9.225000 0.999841
9.229167 1.609025
9.233333 2.202410
9.237500 2.639583
9.241667 2.841232
9.245833 2.855085
9.250000 2.769054
9.254167 2.609816
9.258333 2.369437
9.262500 2.037450
9.266667 1.611426
9.270833 1.113757
9.275000 0.615614
9.279167 0.234328
9.283333 0.048278
9.287500 0.003417
9.291667 0.000000
9.295833 0.000000
9.300000 0.000000
9.304167 0.000000
9.308333 0.000000
9.312500 0.000000
9.316667 0.000000
9.320833 0.000000
9.325000 0.000000
9.329167 0.000000
9.333333 0.000000
9.337500 0.000000
9.341667 0.000000
9.345833 0.000000
9.350000 0.000000
9.354167 0.000000
9.358333 0.000911
9.362500 0.013361
9.366667 0.070258
9.370833 0.210703
9.375000 0.456518
9.379167 0.809681
9.383333 1.242976
9.387500 1.690461
9.391667 2.066095
9.395833 2.306413
9.400000 2.400588
9.404167 2.382588
9.408333 2.282574
9.412500 2.101108
9.416667 1.826866
9.420833 1.455063
9.425000 1.006772
9.429167 0.553280
9.433333 0.208402
9.437500 0.042497
9.441667 0.002991
9.445833 0.000000
9.450000 0.000000
9.454167 0.000000
9.458333 0.000000
9.462500 0.000000
9.466667 0.000000
9.470833 0.000000
9.475000 0.000000
9.479167 0.000000
9.483333 0.000000
9.487500 0.000000
9.491667 0.000000
9.495833 0.000000
9.500000 0.000000
9.504167 0.000000
9.508333 0.001297
9.512500 0.019121
9.516667 0.101595
9.520833 0.308665
9.525000 0.675614
9.529167 1.195960
9.533333 1.793258
9.537500 2.327205
9.541667 2.676283
9.545833 2.815293
9.550000 2.802407
9.554167 2.691447
9.558333 2.489433
9.562500 2.183581
9.566667 1.764950
9.570833 1.248508
9.575000 0.705682
9.579167 0.273427
9.583333 0.056978
9.587500 0.004055
9.591667 0.000000
9.595833 0.000000
9.600000 0.000000
9.604167 0.000000
9.608333 0.000000
9.612500 0.000000
9.616667 0.000000
9.620833 0.000000
9.625000 0.000000
9.629167 0.000000
9.633333 0.000000
9.637500 0.000000
9.641667 0.000000
9.645833 0.000000
9.650000 0.000000
9.654167 0.000000
9.658333 0.000000
9.662500 0.002217
9.666667 0.031683
9.670833 0.158094
9.675000 0.437717
9.679167 0.854723
9.683333 1.344926
9.687500 1.827745
9.691667 2.227033
9.695833 2.488425
9.700000 2.599216
9.704167 2.599717
9.708333 2.534950
9.712500 2.411432
9.716667 2.213364
9.720833 1.917773
9.725000 1.505483
9.729167 0.999073
9.733333 0.507715
9.737500 0.173379
9.741667 0.032451
9.745833 0.002175
9.750000 0.000000
9.754167 0.000000
9.758333 0.000000
9.762500 0.000000
9.766667 0.000000
9.770833 0.000000
9.775000 0.000000
9.779167 0.000000
9.783333 0.000000
9.787500 0.000000
9.791667 0.000000
9.795833 0.000000
9.800000 0.000000
9.804167 0.000000
9.808333 0.000000
9.812500 0.003725
9.816667 0.051438
9.820833 0.240568
9.825000 0.615786
9.829167 1.120262
9.833333 1.670000
9.837500 2.183812
9.841667 2.572107
9.845833 2.760620
9.850000 2.762975
9.854167 2.648918
9.858333 2.442756
9.862500 2.138183
9.866667 1.731650
9.870833 1.238523
9.875000 0.717422
9.879167 0.288238
9.883333 0.062160
9.887500 0.004509
9.891667 0.000000
9.895833 0.000000
9.900000 0.000000
9.904167 0.000000
9.908333 0.000000
9.912500 0.000000
9.916667 0.000000
9.920833 0.000000
9.925000 0.000000
9.929167 0.000000
9.933333 0.000000
9.937500 0.000000
9.941667 0.000000
9.945833 0.000000
9.950000 0.000000
9.954167 0.000000
9.958333 0.000672
9.962500 0.009878
9.966667 0.052246
9.970833 0.158236
9.975000 0.348388
9.979167 0.633496
9.983333 1.007312
9.987500 1.430820
9.991667 1.833121
9.995833 2.144285
10.000000 2.330283
10.004167 2.395834
10.008333 2.363139
10.012500 2.245818
10.016667 2.043892
10.020833 1.755799
10.025000 1.388367
10.029167 0.966466
10.033333 0.545590
10.037500 0.215055
10.041667 0.045872
10.045833 0.003312
10.050000 0.000000
10.054167 0.000000
10.058333 0.000000
10.062500 0.000000
10.066667 0.000000
10.070833 0.000000
10.075000 0.000000
10.079167 0.000000
10.083333 0.000000
10.087500 0.000000
10.091667 0.000000
10.095833 0.000000
10.100000 0.000000
10.104167 0.000000
10.108333 0.003781
10.112500 0.052303
10.116667 0.245376
10.120833 0.630045
10.125000 1.147854
10.129167 1.709953
10.133333 2.230263
10.137500 2.618009
10.141667 2.805437
10.145833 2.816903
10.150000 2.725974
10.154167 2.553357
10.158333 2.283152
10.162500 1.894231
10.166667 1.380443
10.170833 0.799611
10.175000 0.312696
10.179167 0.064994
10.183333 0.004609
10.187500 0.000000
10.191667 0.000000
10.195833 0.000000
10.200000 0.000000
10.204167 0.000000
10.208333 0.000000
10.212500 0.000000
10.216667 0.000000
10.220833 0.000000
10.225000 0.000000
10.229167 0.000000
10.233333 0.000000
10.237500 0.000000
10.241667 0.000000
10.245833 0.000000
10.250000 0.000000
10.254167 0.001407
10.258333 0.020273
10.262500 0.102902
10.266667 0.292937
10.270833 0.595025
10.275000 0.983946
10.279167 1.412369
10.283333 1.811865
10.287500 2.103553
10.291667 2.236394
10.295833 2.231235
10.300000 2.136602
10.304167 1.965128
10.308333 1.709715
10.312500 1.367895
10.316667 0.957469
10.320833 0.537009
10.325000 0.207584
10.329167 0.043314
10.333333 0.003087
10.337500 0.000000
10.341667 0.000000
10.345833 0.000000
10.350000 0.000000
10.354167 0.000000
10.358333 0.000000
10.362500 0.000000
10.366667 0.000000
10.370833 0.000000
10.375000 0.000000
10.379167 0.000000
10.383333 0.000000
10.387500 0.000000
10.391667 0.000000
10.395833 0.000000
10.400000 0.000000
10.404167 0.001755
10.408333 0.025623
10.412500 0.133331
10.416667 0.392038
10.420833 0.821516
10.425000 1.385951
10.429167 1.993846
10.433333 2.521709
10.437500 2.870027
10.441667 3.015446
10.445833 3.015915
10.450000 2.933511
10.454167 2.780876
10.458333 2.545910
10.462500 2.212652
10.466667 1.769978
10.470833 1.233238
10.475000 0.681202
10.479167 0.256391
10.483333 0.052042
10.487500 0.003650
10.491667 0.000000
10.495833 0.000000
10.500000 0.000000
10.504167 0.000000
10.508333 0.000000
10.512500 0.000000
10.516667 0.000000
10.520833 0.000000
10.525000 0.000000
10.529167 0.000000
10.533333 0.000000
10.537500 0.000000
10.541667 0.000000
10.545833 0.000000
10.550000 0.000738
10.554167 0.010931
10.558333 0.058627
10.562500 0.181521
10.566667 0.411525
10.570833 0.771881
10.575000 1.252174
10.579167 1.769448
10.583333 2.194522
10.587500 2.448622
10.591667 2.537232
10.595833 2.501470
10.600000 2.367482
10.604167 2.140993
10.608333 1.825244
10.612500 1.432457
10.616667 0.991817
10.620833 0.559360
10.625000 0.221429
10.629167 0.047516
10.633333 0.003443
10.637500 0.000000
10.641667 0.000000
10.645833 0.000000
10.650000 0.000000
10.654167 0.000000
10.658333 0.000000
10.662500 0.000000
10.666667 0.000000
10.670833 0.000000
10.675000 0.000000
10.679167 0.000000
10.683333 0.000000
10.687500 0.000000
10.691667 0.000000
10.695833 0.002358
10.700000 0.034379
10.704167 0.178028
10.708333 0.516422
10.712500 1.052124
10.716667 1.695352
10.720833 2.293125
10.725000 2.703130
10.729167 2.877304
10.733333 2.877058
10.737500 2.774477
10.741667 2.582455
10.745833 2.283569
10.750000 1.859859
10.754167 1.318515
10.758333 0.738176
10.762500 0.279673
10.766667 0.056837
10.770833 0.003985
10.775000 0.000000
10.779167 0.000000
10.783333 0.000000
10.787500 0.000000
10.791667 0.000000
10.795833 0.000000
10.800000 0.000000
10.804167 0.000000
10.808333 0.000000
10.812500 0.000000
10.816667 0.000000
10.820833 0.000000
10.825000 0.000000
10.829167 0.000000
10.833333 0.000000
10.837500 0.001511
10.841667 0.021842
10.845833 0.111554
10.850000 0.319715
10.854167 0.651883
10.858333 1.075568
10.862500 1.529551
10.866667 1.933919
10.870833 2.213259
10.875000 2.333756
10.879167 2.326038
10.883333 2.233711
10.887500 2.063496
10.891667 1.803114
10.895833 1.444307
10.900000 1.003860
10.904167 0.552147
10.908333 0.207198
10.912500 0.042018
10.916667 0.002946
10.920833 0.000000
10.925000 0.000000
10.929167 0.000000
10.933333 0.000000
10.937500 0.000000
10.941667 0.000000
10.945833 0.000000
10.950000 0.000000
10.954167 0.000000
10.958333 0.000000
10.962500 0.000000
10.966667 0.000000
10.970833 0.000000
10.975000 0.000000
10.979167 0.002625
10.983333 0.037668
10.987500 0.189495
10.991667 0.530611
10.995833 1.047954
11.000000 1.659337
11.004167 2.242463
11.008333 2.666877
11.012500 2.859607
11.016667 2.861572
11.020833 2.749261
11.025000 2.541884
11.029167 2.226897
11.033333 1.794840
11.037500 1.262590
11.041667 0.707412
11.045833 0.271191
11.050000 0.055989
11.054167 0.003964
11.058333 0.000000
11.062500 0.000000
11.066667 0.000000
11.070833 0.000000
11.075000 0.000000
11.079167 0.000000
11.083333 0.000000
11.087500 0.000000
11.091667 0.000000
11.095833 0.000000
11.100000 0.000000
11.104167 0.000000
11.108333 0.000000
11.112500 0.000000
11.116667 0.000000
11.120833 0.000000
11.125000 0.000000
11.129167 0.000760
11.133333 0.011111
11.137500 0.058107
11.141667 0.173185
11.145833 0.373648
11.150000 0.664054
11.154167 1.033828
11.158333 1.448156
11.162500 1.848359
11.166667 2.170975
11.170833 2.374115
11.175000 2.453803
11.179167 2.439688
11.183333 2.359140
11.187500 2.215915
11.191667 2.003492
11.195833 1.716319
11.200000 1.355909
11.204167 0.941856
11.208333 0.528026
11.212500 0.205460
11.216667 0.043240
11.220833 0.003098
11.225000 0.000000
11.229167 0.000000
11.233333 0.000000
11.237500 0.000000
11.241667 0.000000
11.245833 0.000000
11.250000 0.000000
11.254167 0.000000
11.258333 0.000000
11.262500 0.000000
11.266667 0.000000
11.270833 0.000000
11.275000 0.000000
11.279167 0.000000
11.283333 0.000000
11.287500 0.001350
11.291667 0.019854
11.295833 0.104768
11.300000 0.314338
11.304167 0.675488
11.308333 1.170645
11.312500 1.722876
11.316667 2.210139
11.320833 2.530158
11.325000 2.658903
11.329167 2.645535
11.333333 2.539474
11.337500 2.349740
11.341667 2.068009
11.345833 1.688595
11.350000 1.221580
11.354167 0.717599
11.358333 0.292444
11.362500 0.063755
11.366667 0.004650
11.370833 0.000000
11.375000 0.000000
11.379167 0.000000
11.383333 0.000000
11.387500 0.000000
11.391667 0.000000
11.395833 0.000000
11.400000 0.000000
11.404167 0.000000
11.408333 0.000000
11.412500 0.000000
11.416667 0.000000
11.420833 0.000000
11.425000 0.000000
11.429167 0.000000
11.433333 0.000000
11.437500 0.000769
11.441667 0.011311
11.445833 0.059773
11.450000 0.180419
11.454167 0.393876
11.458333 0.704577
11.462500 1.092197
11.466667 1.503736
11.470833 1.870076
11.475000 2.140057
11.479167 2.297238
11.483333 2.350033
11.487500 2.313072
11.491667 2.192769
11.495833 1.988220
11.500000 1.700008
11.504167 1.337489
11.508333 0.926997
11.512500 0.522066
11.516667 0.205857
11.520833 0.043986
11.525000 0.003179
11.529167 0.000000
11.533333 0.000000
11.537500 0.000000
11.541667 0.000000
11.545833 0.000000
11.550000 0.000000
11.554167 0.000000
11.558333 0.000000
11.562500 0.000000
11.566667 0.000000
11.570833 0.000000
11.575000 0.000000
11.579167 0.000000
11.583333 0.000000
11.587500 0.000000
11.591667 0.000000
11.595833 0.002213
11.600000 0.032845
11.604167 0.176024
11.608333 0.534879
11.612500 1.139997
11.616667 1.886786
11.620833 2.558877
11.625000 2.986372
11.629167 3.155433
11.633333 3.159883
11.637500 3.078223
11.641667 2.924112
11.645833 2.681533
11.650000 2.328009
11.654167 1.845956
11.658333 1.255905
11.662500 0.664873
11.666667 0.237502
11.670833 0.046058
11.675000 0.003148
11.679167 0.000000
11.683333 0.000000
11.687500 0.000000
11.691667 0.000000
11.695833 0.000000
11.700000 0.000000
11.704167 0.000000
11.708333 0.000000
11.712500 0.000000
11.716667 0.000000
11.720833 0.000000
11.725000 0.000000
11.729167 0.000000
11.733333 0.000000
11.737500 0.000918
11.741667 0.013451
11.745833 0.070576
11.750000 0.210631
11.754167 0.452159
11.758333 0.790644
11.762500 1.194216
11.766667 1.604882
11.770833 1.960116
11.775000 2.219080
11.779167 2.370363
11.783333 2.423392
11.787500 2.395343
11.791667 2.294655
11.795833 2.117041
11.800000 1.854562
11.804167 1.503897
11.808333 1.077684
11.812500 0.625821
11.816667 0.252130
11.820833 0.054494
11.825000 0.003958
11.829167 0.000000
11.833333 0.000000
11.837500 0.000000
11.841667 0.000000
11.845833 0.000000
11.850000 0.000000
11.854167 0.000000
11.858333 0.000000
11.862500 0.000000
11.866667 0.000000
11.870833 0.000000
11.875000 0.000000
11.879167 0.000000
11.883333 0.000000
11.887500 0.000000
11.891667 0.000000
11.895833 0.000898
11.900000 0.013208
11.904167 0.069923
11.908333 0.211951
11.912500 0.466616
11.916667 0.846524
11.920833 1.336503
11.925000 1.869529
11.929167 2.334949
11.933333 2.638333
11.937500 2.759388
11.941667 2.746619
11.945833 2.647179
11.950000 2.470352
11.954167 2.210154
11.958333 1.863518
11.962500 1.439329
11.966667 0.970812
11.970833 0.526374
11.975000 0.198508
11.979167 0.040834
11.983333 0.002892
11.987500 0.000000
11.991667 0.000000
11.995833 0.000000
12.000000 0.000000
12.004167 0.000000
12.008333 0.000000
12.012500 0.000000
12.016667 0.000000
12.020833 0.000000
12.025000 0.000000
12.029167 0.000000
12.033333 0.000000
12.037500 0.000000
12.041667 0.000000
12.045833 0.000000
12.050000 0.000000
12.054167 0.001522
12.058333 0.021520
12.062500 0.105389
12.066667 0.286862
12.070833 0.557955
12.075000 0.891578
12.079167 1.255077
12.083333 1.605920
12.087500 1.882815
12.091667 2.023992
12.095833 2.031566
12.100000 1.959319
12.104167 1.829853
12.108333 1.641903
12.112500 1.394236
12.116667 1.092139
12.120833 0.754490
12.125000 0.423308
12.129167 0.166043
12.133333 0.035299
12.137500 0.002544
12.141667 0.000000
12.145833 0.000000
12.150000 0.000000
12.154167 0.000000
12.158333 0.000000
12.162500 0.000000
12.166667 0.000000
12.170833 0.000000
12.175000 0.000000
12.179167 0.000000
12.183333 0.000000
12.187500 0.000000
12.191667 0.000000
12.195833 0.000000
12.200000 0.000000
12.204167 0.000000
12.208333 0.000000
12.212500 0.000000
12.216667 0.001528
12.220833 0.022673
12.225000 0.121870
12.229167 0.375931
12.233333 0.832166
12.237500 1.463307
12.241667 2.116921
12.245833 2.583726
12.250000 2.776494
12.254167 2.761678
12.258333 2.614275
12.262500 2.343984
12.266667 1.936753
12.270833 1.399548
12.275000 0.805537
12.279167 0.315891
12.283333 0.066230
12.287500 0.004725
12.291667 0.000000
12.295833 0.000000
12.300000 0.000000
12.304167 0.000000
12.308333 0.000000
12.312500 0.000000
12.316667 0.000000
12.320833 0.000000
12.325000 0.000000
12.329167 0.000000
12.333333 0.000000
12.337500 0.000000
12.341667 0.000000
12.345833 0.000000
12.350000 0.000000
12.354167 0.001083
12.358333 0.015929
12.362500 0.084159
12.366667 0.253156
12.370833 0.545771
12.375000 0.949212
12.379167 1.406186
12.383333 1.829587
12.387500 2.148008
12.391667 2.334798
12.395833 2.399153
12.400000 2.361016
12.404167 2.226549
12.408333 1.985675
12.412500 1.627943
12.416667 1.165330
12.420833 0.664900
12.425000 0.259419
12.429167 0.054303
12.433333 0.003873
12.437500 0.000000
12.441667 0.000000
12.445833 0.000000
12.450000 0.000000
12.454167 0.000000
12.458333 0.000000
12.462500 0.000000
12.466667 0.000000
12.470833 0.000000
12.475000 0.000000
12.479167 0.000000
12.483333 0.000000
12.487500 0.000000
12.491667 0.000000
12.495833 0.000000
12.500000 0.000000
12.504167 0.002514
12.508333 0.036057
12.512500 0.181244
12.516667 0.507340
12.520833 1.003030
12.525000 1.592675
12.529167 2.161207
12.533333 2.580699
12.537500 2.777094
12.541667 2.796342
12.545833 2.725350
12.550000 2.589552
12.554167 2.377167
12.558333 2.069794
12.562500 1.652473
12.566667 1.139210
12.570833 0.614992
12.575000 0.224328
12.579167 0.044232
12.583333 0.003051
12.587500 0.000000
12.591667 0.000000
12.595833 0.000000
12.600000 0.000000
12.604167 0.000000
12.608333 0.000000
12.612500 0.000000
12.616667 0.000000
12.620833 0.000000
12.625000 0.000000
12.629167 0.000000
12.633333 0.000000
12.637500 0.000000
12.641667 0.000000
12.645833 0.000000
12.650000 0.001442
12.654167 0.021127
12.658333 0.110573
12.662500 0.326979
12.666667 0.686472
12.670833 1.152216
12.675000 1.637472
12.679167 2.039886
12.683333 2.293396
12.687500 2.393129
12.691667 2.381378
12.695833 2.295734
12.700000 2.142121
12.704167 1.913762
12.708333 1.606840
12.712500 1.229924
12.716667 0.816721
12.720833 0.433279
12.725000 0.159533
12.729167 0.032181
12.733333 0.002255
12.737500 0.000000
12.741667 0.000000
12.745833 0.000000
12.750000 0.000000
12.754167 0.000000
12.758333 0.000000
12.762500 0.000000
12.766667 0.000000
12.770833 0.000000
12.775000 0.000000
12.779167 0.000000
12.783333 0.000000
12.787500 0.000000
12.791667 0.000000
12.795833 0.000000
12.800000 0.000000
12.804167 0.000000
12.808333 0.005267
12.812500 0.071934
12.816667 0.329183
12.820833 0.819103
12.825000 1.446300
12.829167 2.083558
12.833333 2.596778
12.837500 2.869359
12.841667 2.920033
12.845833 2.869244
12.850000 2.766118
12.854167 2.603919
12.858333 2.365626
12.862500 2.029645
12.866667 1.580167
12.870833 1.043744
12.875000 0.530611
12.879167 0.181900
12.883333 0.034195
12.887500 0.002299
12.891667 0.000000
12.895833 0.000000
12.900000 0.000000
12.904167 0.000000
12.908333 0.000000
12.912500 0.000000
12.916667 0.000000
12.920833 0.000000
12.925000 0.000000
12.929167 0.000000
12.933333 0.000000
12.937500 0.000000
12.941667 0.000000
12.945833 0.000000
12.950000 0.000000
12.954167 0.000000
12.958333 0.001743
12.962500 0.024889
12.966667 0.124201
12.970833 0.345504
12.975000 0.683627
12.979167 1.100552
12.983333 1.541856
12.987500 1.940866
12.991667 2.227217
12.995833 2.361015
13.000000 2.376257
13.004167 2.333503
13.008333 2.251796
13.012500 2.125160
13.016667 1.943146
13.020833 1.694327
13.025000 1.372486
13.029167 0.992247
13.033333 0.606122
13.037500 0.290738
13.041667 0.097238
13.045833 0.018268
13.050000 0.001234
13.054167 0.000000
13.058333 0.000000
13.062500 0.000000
13.066667 0.000000
13.070833 0.000000
13.075000 0.000000
13.079167 0.000000
13.083333 0.000000
13.087500 0.000000
13.091667 0.000000
13.095833 0.000000
13.100000 0.000000
13.104167 0.000000
13.108333 0.000000
13.112500 0.000000
13.116667 0.000000
13.120833 0.000000
13.125000 0.003798
13.129167 0.053196
13.133333 0.255294
13.137500 0.671038
13.141667 1.238826
13.145833 1.845215
13.150000 2.379278
13.154167 2.749251
13.158333 2.915172
13.162500 2.924737
13.166667 2.849223
13.170833 2.707449
13.175000 2.487958
13.179167 2.173917
13.183333 1.751167
13.187500 1.229391
13.191667 0.682944
13.195833 0.257423
13.200000 0.052171
13.204167 0.003653
13.208333 0.000000
13.212500 0.000000
13.216667 0.000000
13.220833 0.000000
13.225000 0.000000
13.229167 0.000000
13.233333 0.000000
13.237500 0.000000
13.241667 0.000000
13.245833 0.000000
13.250000 0.000000
13.254167 0.000000
13.258333 0.000000
13.262500 0.000000
13.266667 0.000000
13.270833 0.000000
13.275000 0.000000
13.279167 0.000000
13.283333 0.000652
13.287500 0.009621
13.291667 0.051268
13.295833 0.157028
13.300000 0.351010
13.304167 0.650199
13.308333 1.053391
13.312500 1.516955
13.316667 1.953934
13.320833 2.282624
13.325000 2.472607
13.329167 2.540021
13.333333 2.517097
13.337500 2.420347
13.341667 2.243587
13.345833 1.971675
13.350000 1.592953
13.354167 1.119851
13.358333 0.623529
13.362500 0.236283
13.366667 0.048200
13.370833 0.003389
13.375000 0.000000
13.379167 0.000000
13.383333 0.000000
13.387500 0.000000
13.391667 0.000000
13.395833 0.000000
13.400000 0.000000
13.404167 0.000000
13.408333 0.000000
13.412500 0.000000
13.416667 0.000000
13.420833 0.000000
13.425000 0.000000
13.429167 0.002067
13.433333 0.029294
13.437500 0.144131
13.441667 0.394380
13.445833 0.770160
13.450000 1.232632
13.454167 1.732511
13.458333 2.206427
13.462500 2.570420
13.466667 2.750828
13.470833 2.761618
13.475000 2.673327
13.479167 2.511021
13.483333 2.267814
13.487500 1.935825
13.491667 1.516787
13.495833 1.037489
13.500000 0.568204
13.504167 0.215043
13.508333 0.044196
13.512500 0.003126
13.516667 0.000000
13.520833 0.000000
13.525000 0.000000
13.529167 0.000000
13.533333 0.000000
13.537500 0.000000
13.541667 0.000000
13.545833 0.000000
13.550000 0.000000
13.554167 0.000000
13.558333 0.000000
13.562500 0.000000
13.566667 0.000000
13.570833 0.000000
13.575000 0.000000
13.579167 0.000000
13.583333 0.000647
13.587500 0.009472
13.591667 0.049681
13.595833 0.148701
13.600000 0.322751
13.604167 0.578187
13.608333 0.908346
13.612500 1.283688
13.616667 1.649933
13.620833 1.946120
13.625000 2.131535
13.629167 2.196991
13.633333 2.153585
13.637500 2.011899
13.641667 1.776213
13.645833 1.452973
13.650000 1.059556
13.654167 0.637016
13.658333 0.270740
13.662500 0.061537
13.666667 0.004591
13.670833 0.000000
13.675000 0.000000
13.679167 0.000000
13.683333 0.000000
13.687500 0.000000
13.691667 0.000000
13.695833 0.000000
13.700000 0.000000
13.704167 0.000000
13.708333 0.000000
13.712500 0.000000
13.716667 0.000000
13.720833 0.000000
13.725000 0.000000
13.729167 0.000000
13.733333 0.000000
13.737500 0.000000
13.741667 0.001499
13.745833 0.022082
13.750000 0.117038
13.754167 0.353754
13.758333 0.767228
13.762500 1.340640
13.766667 1.982313
13.770833 2.544058
13.775000 2.907509
13.779167 3.054380
13.783333 3.052526
13.787500 2.965285
13.791667 2.804086
13.795833 2.556053
13.800000 2.205366
13.804167 1.744025
13.808333 1.195582
13.812500 0.647937
13.816667 0.239724
13.820833 0.048085
13.825000 0.003352
13.829167 0.000000
13.833333 0.000000
13.837500 0.000000
13.841667 0.000000
13.845833 0.000000
13.850000 0.000000
13.854167 0.000000
13.858333 0.000000
13.862500 0.000000
13.866667 0.000000
13.870833 0.000000
13.875000 0.000000
13.879167 0.000000
13.883333 0.000000
13.887500 0.000000
13.891667 0.002121
13.895833 0.030210
13.900000 0.149841
13.904167 0.411680
13.908333 0.797089
13.912500 1.241199
13.916667 1.658887
13.920833 1.962104
13.925000 2.095822
13.929167 2.075294
13.933333 1.944418
13.937500 1.718743
13.941667 1.401821
13.945833 1.010565
13.950000 0.592986
13.954167 0.242966
13.958333 0.053399
13.962500 0.003914
13.966667 0.000000
13.970833 0.000000
13.975000 0.000000
13.979167 0.000000
13.983333 0.000000
13.987500 0.000000
13.991667 0.000000
13.995833 0.000000
14.000000 0.000000
14.004167 0.000000
14.008333 0.000000
14.012500 0.000000
14.016667 0.000000
14.020833 0.000000
14.025000 0.000000
14.029167 0.000000
14.033333 0.000000
14.037500 0.000000
14.041667 0.000000
14.045833 0.001505
14.050000 0.022025
14.054167 0.115152
14.058333 0.341334
14.062500 0.724618
14.066667 1.245347
14.070833 1.830839
14.075000 2.362194
14.079167 2.725103
14.083333 2.877568
14.087500 2.868007
14.091667 2.755181
14.095833 2.549832
14.100000 2.239917
14.104167 1.816541
14.108333 1.293227
14.112500 0.738234
14.116667 0.289458
14.120833 0.060937
14.125000 0.004361
14.129167 0.000000
14.133333 0.000000
14.137500 0.000000
14.141667 0.000000
14.145833 0.000000
14.150000 0.000000
14.154167 0.000000
14.158333 0.000000
14.162500 0.000000
14.166667 0.000000
14.170833 0.000000
14.175000 0.000000
14.179167 0.000000
14.183333 0.000000
14.187500 0.000000
14.191667 0.000000
14.195833 0.000534
14.200000 0.007949
14.204167 0.043129
14.208333 0.136124
14.212500 0.318567
14.216667 0.629295
14.220833 1.096396
14.225000 1.666817
14.229167 2.184708
14.233333 2.531476
14.237500 2.707198
14.241667 2.757073
14.245833 2.704622
14.250000 2.544987
14.254167 2.264896
14.258333 1.857043
14.262500 1.337217
14.266667 0.774598
14.270833 0.309371
14.275000 0.066235
14.279167 0.004784
14.283333 0.000000
14.287500 0.000000
14.291667 0.000000
14.295833 0.000000
14.300000 0.000000
14.304167 0.000000
14.308333 0.000000
14.312500 0.000000
14.316667 0.000000
14.320833 0.000000
14.325000 0.000000
14.329167 0.000000
14.333333 0.000000
14.337500 0.000000
14.341667 0.000000
14.345833 0.002993
14.350000 0.042482
14.354167 0.209396
14.358333 0.571620
14.362500 1.103120
14.366667 1.720730
14.370833 2.314753
14.375000 2.761147
14.379167 2.977391
14.383333 3.005460
14.387500 2.942811
14.391667 2.822953
14.395833 2.638753
14.400000 2.376783
14.404167 2.023332
14.408333 1.573911
14.412500 1.056811
14.416667 0.559197
14.420833 0.202264
14.425000 0.039895
14.429167 0.002757
14.433333 0.000000
14.437500 0.000000
14.441667 0.000000
14.445833 0.000000
14.450000 0.000000
14.454167 0.000000
14.458333 0.000000
14.462500 0.000000
14.466667 0.000000
14.470833 0.000000
14.475000 0.000000
14.479167 0.000000
14.483333 0.000000
14.487500 0.000000
14.491667 0.000000
14.495833 0.001606
14.500000 0.022826
14.504167 0.112930
14.508333 0.310712
14.512500 0.608316
14.516667 0.971664
14.520833 1.356000
14.525000 1.707044
14.529167 1.963442
14.533333 2.081145
14.537500 2.073476
14.541667 1.981542
14.545833 1.818077
14.550000 1.579388
14.554167 1.265951
14.558333 0.893975
14.562500 0.510879
14.566667 0.202882
14.570833 0.043413
14.575000 0.003137
14.579167 0.000000
14.583333 0.000000
14.587500 0.000000
14.591667 0.000000
14.595833 0.000000
14.600000 0.000000
14.604167 0.000000
14.608333 0.000000
14.612500 0.000000
14.616667 0.000000
14.620833 0.000000
14.625000 0.000000
14.629167 0.000000
14.633333 0.000000
14.637500 0.000000
14.641667 0.000000
14.645833 0.002433
14.650000 0.034996
14.654167 0.176848
14.658333 0.498367
14.662500 0.991795
14.666667 1.582817
14.670833 2.153490
14.675000 2.572569
14.679167 2.764351
14.683333 2.768731
14.687500 2.662352
14.691667 2.463835
14.695833 2.158968
14.700000 1.736238
14.704167 1.212584
14.708333 0.669997
14.712500 0.252179
14.716667 0.051209
14.720833 0.003593
14.725000 0.000000
14.729167 0.000000
14.733333 0.000000
14.737500 0.000000
14.741667 0.000000
14.745833 0.000000
14.750000 0.000000
14.754167 0.000000
14.758333 0.000000
14.762500 0.000000
14.766667 0.000000
14.770833 0.000000
14.775000 0.000000
14.779167 0.000000
14.783333 0.000000
14.787500 0.002203
14.791667 0.030862
14.795833 0.148389
14.800000 0.392795
14.804167 0.736791
14.808333 1.127263
14.812500 1.511270
14.816667 1.838756
14.820833 2.064061
14.825000 2.160903
14.829167 2.144380
14.833333 2.044702
14.837500 1.869850
14.841667 1.616914
14.845833 1.288766
14.850000 0.904662
14.854167 0.514362
14.858333 0.203664
14.862500 0.043533
14.866667 0.003145
14.870833 0.000000
14.875000 0.000000
14.879167 0.000000
14.883333 0.000000
14.887500 0.000000
14.891667 0.000000
14.895833 0.000000
14.900000 0.000000
14.904167 0.000000
14.908333 0.000000
14.912500 0.000000
14.916667 0.000000
14.920833 0.000000
14.925000 0.000000
14.929167 0.000000
14.933333 0.000000
14.937500 0.000000
14.941667 0.000000
14.945833 0.000000
14.950000 0.002162
14.954167 0.031442
14.958333 0.162331
14.962500 0.471539
14.966667 0.971576
14.970833 1.602096
14.975000 2.233196
14.979167 2.702769
14.983333 2.918228
14.987500 2.931000
14.991667 2.832191
14.995833 2.642450
15.000000 2.341096
15.004167 1.903866
15.008333 1.335752
15.012500 0.730197
15.016667 0.267565
15.020833 0.052695
15.025000 0.003628
15.029167 0.000000
15.033333 0.000000
15.037500 0.000000
15.041667 0.000000
15.045833 0.000000
15.050000 0.000000
15.054167 0.000000
15.058333 0.000000
15.062500 0.000000
15.066667 0.000000
15.070833 0.000000
15.075000 0.000000
15.079167 0.000000
15.083333 0.001687
15.087500 0.024518
15.091667 0.126378
15.095833 0.365825
15.100000 0.750292
15.104167 1.235062
15.108333 1.736088
15.112500 2.157707
15.116667 2.431238
15.120833 2.544156
15.125000 2.541296
15.129167 2.468493
15.133333 2.333122
15.137500 2.122970
15.141667 1.823240
15.145833 1.427254
15.150000 0.960584
15.154167 0.507145
15.158333 0.182493
15.162500 0.035808
15.166667 0.002467
15.170833 0.000000
15.175000 0.000000
15.179167 0.000000
15.183333 0.000000
15.187500 0.000000
15.191667 0.000000
15.195833 0.000000
15.200000 0.000000
15.204167 0.000000
15.208333 0.000000
15.212500 0.000000
15.216667 0.000000
15.220833 0.000000
15.225000 0.000000
15.229167 0.001276
15.233333 0.018792
15.237500 0.099673
15.241667 0.302230
15.245833 0.660678
15.250000 1.170299
15.254167 1.760761
15.258333 2.296622
15.262500 2.652664
15.266667 2.797627
15.270833 2.791850
15.275000 2.696436
15.279167 2.524351
15.283333 2.267918
15.287500 1.921018
15.291667 1.489370
15.295833 1.005681
15.300000 0.543516
15.304167 0.203482
15.308333 0.041531
15.312500 0.002928
15.316667 0.000000
15.320833 0.000000
15.325000 0.000000
15.329167 0.000000
15.333333 0.000000
15.337500 0.000000
15.341667 0.000000
15.345833 0.000000
15.350000 0.000000
15.354167 0.000000
15.358333 0.000000
15.362500 0.000000
15.366667 0.000000
15.370833 0.000000
15.375000 0.000000
15.379167 0.000625
15.383333 0.009266
15.387500 0.049877
15.391667 0.155496
15.395833 0.356744
15.400000 0.681990
15.404167 1.136768
15.408333 1.659202
15.412500 2.127058
15.416667 2.451623
15.420833 2.625450
15.425000 2.681707
15.429167 2.650227
15.433333 2.539399
15.437500 2.340985
15.441667 2.042634
15.445833 1.638691
15.450000 1.148351
15.454167 0.642791
15.458333 0.247139
15.462500 0.051255
15.466667 0.003640
15.470833 0.000000
15.475000 0.000000
15.479167 0.000000
15.483333 0.000000
15.487500 0.000000
15.491667 0.000000
15.495833 0.000000
15.500000 0.000000
15.504167 0.000000
15.508333 0.000000
15.512500 0.000000
15.516667 0.000000
15.520833 0.000000
15.525000 0.002151
15.529167 0.031265
15.533333 0.161039
15.537500 0.464773
15.541667 0.945838
15.545833 1.532319
15.550000 2.094894
15.554167 2.496220
15.558333 2.671883
15.562500 2.669577
15.566667 2.562080
15.570833 2.370247
15.575000 2.088931
15.579167 1.714212
15.583333 1.254796
15.587500 0.753238
15.591667 0.316538
15.595833 0.070961
15.600000 0.005253
15.604167 0.000000
15.608333 0.000000
15.612500 0.000000
15.616667 0.000000
15.620833 0.000000
15.625000 0.000000
15.629167 0.000000
15.633333 0.000000
15.637500 0.000000
15.641667 0.000000
15.645833 0.000000
15.650000 0.000000
15.654167 0.000000
15.658333 0.000000
15.662500 0.000000
15.666667 0.000000
15.670833 0.000000
15.675000 0.001259
15.679167 0.018401
15.683333 0.095943
15.687500 0.283256
15.691667 0.598098
15.695833 1.021094
15.700000 1.490760
15.704167 1.912311
15.708333 2.197931
15.712500 2.314014
15.716667 2.289363
15.720833 2.156612
15.725000 1.914264
15.729167 1.551697
15.733333 1.086288
15.737500 0.598868
15.741667 0.224510
15.745833 0.045441
15.750000 0.003182
15.754167 0.000000
15.758333 0.000000
15.762500 0.000000
15.766667 0.000000
15.770833 0.000000
15.775000 0.000000
15.779167 0.000000
15.783333 0.000000
15.787500 0.000000
15.791667 0.000000
15.795833 0.000000
15.800000 0.000000
15.804167 0.000000
15.808333 0.000000
15.812500 0.002559
15.816667 0.037030
15.820833 0.189183
15.825000 0.539689
15.829167 1.082777
15.833333 1.727969
15.837500 2.332148
15.841667 2.756166
15.845833 2.943709
15.850000 2.957311
15.854167 2.881808
15.858333 2.739380
15.862500 2.518446
15.866667 2.201515
15.870833 1.773581
15.875000 1.244082
15.879167 0.689462
15.883333 0.258934
15.887500 0.052289
15.891667 0.003654
15.895833 0.000000
15.900000 0.000000
15.904167 0.000000
15.908333 0.000000
15.912500 0.000000
15.916667 0.000000
15.920833 0.000000
15.925000 0.000000
15.929167 0.000000
15.933333 0.000000
15.937500 0.000000
15.941667 0.000000
15.945833 0.000000
15.950000 0.000000
15.954167 0.000000
15.958333 0.000613
15.962500 0.008946
15.966667 0.046698
15.970833 0.138894
15.975000 0.299389
15.979167 0.533227
15.983333 0.836592
15.987500 1.190660
15.991667 1.558265
15.995833 1.891289
16.000000 2.147470
16.004167 2.304067
16.008333 2.360546
16.012500 2.330491
16.016667 2.223191
16.020833 2.036852
16.025000 1.767194
16.029167 1.416310
16.033333 1.002578
16.037500 0.576524
16.041667 0.231185
16.045833 0.049929
16.050000 0.003627
16.054167 0.000000
16.058333 0.000000
16.062500 0.000000
16.066667 0.000000
16.070833 0.000000
16.075000 0.000000
16.079167 0.000000
16.083333 0.000000
16.087500 0.000000
16.091667 0.000000
16.095833 0.000000
16.100000 0.000000
16.104167 0.000000
16.108333 0.000000
16.112500 0.002690
16.116667 0.039183
16.120833 0.202404
16.125000 0.582771
16.129167 1.166377
16.133333 1.816001
16.137500 2.324370
16.141667 2.553509
16.145833 2.530010
16.150000 2.333425
16.154167 1.986791
16.158333 1.496144
16.162500 0.913724
16.166667 0.385881
16.170833 0.086359
16.175000 0.006381
16.179167 0.000000
16.183333 0.000000
16.187500 0.000000
16.191667 0.000000
16.195833 0.000000
16.200000 0.000000
16.204167 0.000000
16.208333 0.000000
16.212500 0.000000
16.216667 0.000000
16.220833 0.000000
16.225000 0.000000
16.229167 0.000000
16.233333 0.000839
16.237500 0.012385
16.241667 0.065883
16.245833 0.200847
16.250000 0.443180
16.254167 0.797456
16.258333 1.229120
16.262500 1.657042
16.266667 1.993100
16.270833 2.193125
16.275000 2.259757
16.279167 2.211204
16.283333 2.058644
16.287500 1.807998
16.291667 1.468956
16.295833 1.062647
16.300000 0.633431
16.304167 0.267099
16.308333 0.060374
16.312500 0.004492
16.316667 0.000000
16.320833 0.000000
16.325000 0.000000
16.329167 0.000000
16.333333 0.000000
16.337500 0.000000
16.341667 0.000000
16.345833 0.000000
16.350000 0.000000
16.354167 0.000000
16.358333 0.000000
16.362500 0.000000
16.366667 0.000000
16.370833 0.000000
16.375000 0.000000
16.379167 0.000000
16.383333 0.001889
16.387500 0.027783
16.391667 0.146563
16.395833 0.438170
16.400000 0.929807
16.404167 1.565951
16.408333 2.197242
16.412500 2.647150
16.416667 2.838044
16.420833 2.825713
16.425000 2.681355
16.429167 2.412848
16.433333 2.000881
16.437500 1.447281
16.441667 0.828763
16.445833 0.321137
16.450000 0.066441
16.454167 0.004703
16.458333 0.000000
16.462500 0.000000
16.466667 0.000000
16.470833 0.000000
16.475000 0.000000
16.479167 0.000000
16.483333 0.000000
16.487500 0.000000
16.491667 0.000000
16.495833 0.000000
16.500000 0.000000
16.504167 0.000000
16.508333 0.000000
16.512500 0.000000
16.516667 0.000000
16.520833 0.000509
16.525000 0.007476
16.529167 0.039518
16.533333 0.119681
16.537500 0.264146
16.541667 0.484661
16.545833 0.787251
16.550000 1.161723
16.554167 1.571379
16.558333 1.959102
16.562500 2.273621
16.566667 2.491048
16.570833 2.613517
16.575000 2.658823
16.579167 2.652361
16.583333 2.611229
16.587500 2.537118
16.591667 2.424893
16.595833 2.267748
16.600000 2.057849
16.604167 1.787677
16.608333 1.454523
16.612500 1.070770
16.616667 0.676852
16.620833 0.339283
16.625000 0.118286
16.629167 0.022893
16.633333 0.001570
16.637500 0.000000
16.641667 0.000000
16.645833 0.000000
16.650000 0.000000
16.654167 0.000000
16.658333 0.000000
16.662500 0.000000
16.666667 0.000000
16.670833 0.000000
16.675000 0.000000
16.679167 0.000000
16.683333 0.000000
16.687500 0.000000
16.691667 0.000000
16.695833 0.000000
16.700000 0.000000
16.704167 0.000000
